0.574816
0.556058
0.56062
0.577452
0.439917
0.452663
0.473118
0.426459
0.454766
0.363513
0.493878
0.394245
0.397628
0.598499
0.579848
0.58829
0.580413
0.601272
0.611549
0.62254
0.601463
0.61939
0.581458
0.623561
0.585145
0.583804
0.614754
0.59009
0.589286
0.617003
0.592294
0.599821
0.621403
0.603232
0.600531
0.616535
0.552511
0.603033
0.57967
0.587489
0.601925
0.602888
0.593863
0.608156
0.61116
0.608656
0.599294
0.607362
0.611754
0.572711
0.592433
0.61449
0.60037
0.627417
0.626773
0.629727
0.606762
0.567084
0.601277
0.594948
0.611511
0.600546
0.620628
0.615936
0.612263
0.590616
0.609541
0.57852
0.584956
0.598065
0.608385
0.627134
0.619176
0.610714
0.594306
0.578804
0.594672
0.59717
0.60553
0.617121
0.590573
0.588899
0.5845
0.573194
0.565966
0.562327
0.585945
0.566197
0.566127
0.577033
0.575872
0.594747
0.576602
0.584851
0.589169
0.593427
0.602968
0.571695
0.592007
0.587744
