0.591854
0.551341
0.540345
0.581189
0.577293
0.610018
0.576491
0.59292
0.625114
0.632042
0.590827
0.570196
0.592788
0.603707
0.571429
0.567421
0.617774
0.620599
0.60285
0.621265
0.618182
0.608656
0.623814
0.599817
0.597403
0.592391
0.587967
0.601754
0.610215
0.59856
0.625113
0.6379
0.618637
0.624088
0.606921
0.572338
0.605333
0.596257
0.592294
0.597865
0.595841
0.598074
0.606947
0.606987
0.61296
0.599281
0.586453
0.61645
0.626736
0.612154
0.632671
0.578292
0.636283
0.569369
0.6145
0.589922
0.586459
0.555455
0.606411
0.565899
0.574661
0.629046
0.596032
0.544395
0.593066
0.585993
0.582753
0.59207
0.583181
0.618492
0.573991
0.600543
0.574391
0.536986
0.609756
0.602875
0.610063
0.586459
0.582721
0.57464
0.55814
0.611765
0.608392
0.61629
0.604205
0.614907
0.603203
0.584615
0.418622
0.421661
0.455147
0.431287
0.465947
0.442697
0.518205
0.618314
0.58
0.597357
0.601243
0.588444
