0.745729
0.763477
0.764533
0.775987
0.63456
0.654367
0.656398
0.665285
0.655281
0.575374
0.700322
0.656168
0.640748
0.767594
0.771833
0.763237
0.764952
0.765582
0.771253
0.773478
0.772563
0.77084
0.770615
0.775056
0.764303
0.771348
0.77095
0.771292
0.771949
0.770546
0.774406
0.770579
0.774894
0.776515
0.767431
0.772362
0.76908
0.772503
0.772076
0.766908
0.771973
0.77484
0.773468
0.772447
0.769641
0.772025
0.771592
0.769095
0.771362
0.768112
0.770615
0.772619
0.769347
0.777808
0.775435
0.772948
0.774366
0.777466
0.774827
0.78159
0.78009
0.776841
0.776579
0.781731
0.780549
0.778561
0.775249
0.777081
0.772668
0.770088
0.778697
0.777024
0.780922
0.775082
0.774023
0.769376
0.776945
0.782848
0.783766
0.780862
0.783163
0.782999
0.785766
0.781207
0.784527
0.781011
0.784619
0.776969
0.783274
0.782728
0.785193
0.782905
0.784369
0.784156
0.784594
0.788707
0.786743
0.785528
0.784698
0.785349
