0.544389
0.585701
0.599291
0.559447
0.597496
0.556787
0.586175
0.586739
0.560773
0.578358
0.583567
0.618744
0.605769
0.593437
0.596103
0.568286
0.600362
0.550045
0.57744
0.567001
0.595413
0.613191
0.605192
0.585952
0.605846
0.595803
0.54936
0.588556
0.585366
0.554783
0.573786
0.593835
0.573226
0.569561
0.59
0.591486
0.577413
0.60424
0.586897
0.585455
0.60463
0.603291
0.612263
0.58972
0.605239
0.588076
0.588665
0.565139
0.617208
0.575893
0.628239
0.599453
0.593835
0.576715
0.562738
0.551755
0.599818
0.57337
0.601073
0.570796
0.595495
0.58958
0.61449
0.619768
0.561922
0.579093
0.581395
0.571166
0.58221
0.606143
0.631111
0.596223
0.613079
0.561757
0.595238
0.607502
0.599631
0.593985
0.570772
0.595506
0.5875
0.381317
0.376135
0.34932
0.367347
0.341874
0.435783
0.561178
0.610517
0.618445
0.58326
0.574913
0.600173
0.611111
0.578111
0.601762
0.612511
0.613793
0.602399
0.610275
