0.732012
0.761709
0.766305
0.777069
0.773901
0.777068
0.716229
0.784441
0.776604
0.780588
0.781409
0.78036
0.779611
0.783892
0.783816
0.784264
0.784946
0.783452
0.778798
0.779932
0.786365
0.781352
0.788297
0.779537
0.77875
0.781416
0.785886
0.78387
0.782745
0.779618
0.770578
0.777873
0.771133
0.776455
0.778178
0.780966
0.782089
0.778109
0.777919
0.783269
0.779012
0.780313
0.780657
0.781769
0.776702
0.774247
0.779706
0.779204
0.781601
0.77804
0.780915
0.78006
0.779293
0.775172
0.727701
0.7707
0.570133
0.631214
0.604942
0.561396
0.731858
0.692706
0.778221
0.77883
0.768353
0.771893
0.782279
0.780684
0.781931
0.782173
0.779849
0.783037
0.780686
0.776384
0.779935
0.742303
0.656533
0.65287
0.689003
0.70176
0.701662
0.75845
0.766275
0.777235
0.77297
0.773686
0.774857
0.7812
0.777303
0.773439
0.782583
0.768802
0.781373
0.774561
0.784831
0.776798
0.775449
0.741609
0.77104
0.772361
