0.543379
0.512877
0.57556
0.581835
0.598157
0.580524
0.590038
0.542254
0.578125
0.571565
0.563688
0.556962
0.552106
0.47432
0.550607
0.592242
0.55642
0.565217
0.582769
0.577603
0.569733
0.571988
0.567864
0.579612
0.580614
0.591915
0.573501
0.571709
0.578997
0.576482
0.60687
0.583654
0.585907
0.573077
0.585507
0.52381
0.574194
0.593923
0.5828
0.57573
0.600746
0.584095
0.590868
0.605142
0.600893
0.553453
0.573937
0.582267
0.580167
0.58565
0.556391
0.584629
0.574007
0.57967
0.583022
0.588128
0.577965
0.583333
0.586918
0.594545
0.609692
0.600917
0.604093
0.586144
0.59292
0.589154
0.587556
0.604111
0.597109
0.57923
0.603261
0.59447
0.571023
0.575115
0.592661
0.62378
0.589837
0.591524
0.594959
0.601786
0.575557
0.586996
0.587452
0.587103
0.596082
0.582863
0.608108
0.569405
0.589336
0.561487
0.589862
0.595413
0.561553
0.601497
0.589054
0.594521
0.584838
0.591328
0.615728
0.583179
