0.00827206
0.208452
0.387792
0.563851
0.549057
0.576503
0.579091
0.574449
0.583104
0.589204
0.575897
0.583106
0.598198
0.500952
0.598776
0.614796
0.611853
0.614796
0.607759
0.605646
0.586784
0.592593
0.603918
0.616299
0.602303
0.605571
0.601583
0.617496
0.60556
0.591312
0.570111
0.611063
0.601036
0.60461
0.59087
0.587522
0.586087
0.603774
0.575865
0.608924
0.613151
0.60877
0.604131
0.594306
0.597893
0.589922
0.597122
0.565487
0.582198
0.615056
0.59669
0.610345
0.586703
0.587425
0.592657
0.606061
0.607427
0.616984
0.619048
0.629156
0.615517
0.618214
0.553922
0.599827
0.588081
0.609107
0.586863
0.599127
0.60774
0.596718
0.585451
0.6
0.622166
0.566781
0.600713
0.578055
0.573928
0.609043
0.598465
0.59755
0.605013
0.603189
0.615318
0.591873
0.609129
0.607143
0.612193
0.606457
0.612031
0.625839
0.601357
0.599318
0.593085
0.619878
0.630546
0.604491
0.59629
0.603433
0.598765
0.600534
