0.53595
0.532775
0.491045
0.695875
0.762426
0.648118
0.622961
0.634373
0.695285
0.715906
0.761935
0.767275
0.766728
0.765193
0.768718
0.771029
0.769173
0.767933
0.773657
0.768438
0.771911
0.771904
0.768526
0.728712
0.765158
0.76281
0.766712
0.767431
0.766187
0.768245
0.766012
0.766129
0.769337
0.76685
0.766766
0.769752
0.769577
0.768498
0.765248
0.769013
0.71848
0.767328
0.768116
0.768525
0.770121
0.764574
0.755845
0.767958
0.767496
0.772968
0.770802
0.771468
0.770477
0.769696
0.772411
0.772988
0.771855
0.771572
0.773244
0.769885
0.774347
0.770322
0.775005
0.772938
0.774821
0.771269
0.770884
0.773387
0.706253
0.778116
0.775844
0.779784
0.776086
0.777578
0.777815
0.778361
0.777625
0.777899
0.776817
0.777623
0.779036
0.780017
0.776486
0.778373
0.779543
0.77811
0.780002
0.779653
0.775551
0.777163
0.77919
0.761349
0.704363
0.748782
0.677668
0.761811
0.771587
0.773259
0.709
0.768706
