0.522569
0.593721
0.61127
0.57971
0.557301
0.566474
0.566112
0.579304
0.572683
0.592016
0.580773
0.57517
0.558416
0.564078
0.568783
0.558907
0.585009
0.616964
0.577281
0.565985
0.560976
0.547297
0.574427
0.58202
0.599634
0.586937
0.583333
0.578199
0.58733
0.598174
0.577181
0.595725
0.585206
0.590909
0.59045
0.580374
0.580615
0.59596
0.578616
0.585821
0.594694
0.576602
0.559624
0.582103
0.62489
0.590654
0.588015
0.607207
0.588991
0.595238
0.591241
0.594348
0.589003
0.594296
0.595172
0.561158
0.589336
0.591248
0.611712
0.601073
0.589118
0.586629
0.581937
0.580827
0.570524
0.579887
0.584572
0.583412
0.56238
0.580131
0.567335
0.558907
0.572498
0.557944
0.578095
0.577105
0.581157
0.571429
0.577778
0.586957
0.577545
0.57885
0.577922
0.580798
0.59322
0.603116
0.593142
0.583893
0.572823
0.608145
0.562152
0.60093
0.599254
0.567369
0.597109
0.589601
0.579044
0.61448
0.604673
0.574811
