0.405368
0.43609
0.417173
0.411307
0.537182
0.572238
0.584216
0.573571
0.569668
0.597183
0.571429
0.596459
0.623162
0.592871
0.6
0.619796
0.596789
0.59981
0.609462
0.586466
0.595283
0.591563
0.588068
0.598678
0.606203
0.598678
0.596759
0.628415
0.597538
0.627415
0.586108
0.56019
0.572115
0.614723
0.585136
0.601687
0.571189
0.604033
0.591915
0.598463
0.60903
0.603595
0.59387
0.591522
0.596026
0.625117
0.602885
0.621022
0.610365
0.606699
0.60397
0.6026
0.601326
0.595398
0.59384
0.60407
0.607897
0.583886
0.611842
0.610954
0.606695
0.609302
0.587452
0.593985
0.60316
0.608495
0.597595
0.602031
0.6026
0.594828
0.597366
0.58756
0.59962
0.606679
0.602294
0.589251
0.602479
0.58874
0.590734
0.583977
0.600379
0.590476
0.600188
0.595495
0.599057
0.484305
0.607276
0.581351
0.570457
0.576775
0.570184
0.558965
0.568093
0.56702
0.580146
0.580211
0.596408
0.579297
0.585106
0.592093
