0.688931
0.726644
0.772528
0.772644
0.776978
0.7824
0.782185
0.780701
0.78032
0.781021
0.78136
0.779715
0.780718
0.779547
0.737119
0.773265
0.77898
0.77697
0.773388
0.773461
0.774437
0.77813
0.776449
0.777051
0.776393
0.775444
0.779315
0.779101
0.776321
0.777684
0.77743
0.774681
0.77872
0.775382
0.776389
0.779794
0.775192
0.777879
0.767549
0.780194
0.779851
0.777915
0.776685
0.778038
0.78089
0.779733
0.779235
0.781494
0.783529
0.781644
0.779782
0.781554
0.780561
0.778436
0.781278
0.775056
0.784017
0.783685
0.781841
0.782431
0.779134
0.780479
0.781788
0.779597
0.770854
0.780276
0.7801
0.77842
0.776536
0.780318
0.778521
0.779222
0.777608
0.776969
0.778104
0.778445
0.778657
0.779805
0.777304
0.77733
0.778177
0.778037
0.780584
0.77833
0.776236
0.776833
0.77882
0.780049
0.755781
0.778572
0.7761
0.779343
0.777963
0.778191
0.776962
0.781938
0.773864
0.777403
0.777797
0.774465
