0.596455
0.653487
0.655515
0.649379
0.766416
0.774198
0.775617
0.776928
0.775011
0.77674
0.775787
0.777545
0.778334
0.777836
0.77696
0.777526
0.778753
0.775753
0.777059
0.775796
0.775494
0.778814
0.777737
0.779263
0.775692
0.775994
0.779255
0.775049
0.777617
0.771148
0.777303
0.773894
0.777285
0.776884
0.777114
0.778878
0.737651
0.776307
0.775655
0.776549
0.77498
0.77679
0.778548
0.775696
0.780222
0.773849
0.777512
0.778944
0.780237
0.779135
0.777579
0.780112
0.778076
0.778082
0.777748
0.777321
0.774853
0.778042
0.777768
0.776589
0.745753
0.780257
0.775981
0.772412
0.772102
0.778344
0.778821
0.777429
0.780599
0.776818
0.77876
0.781258
0.777308
0.777643
0.775792
0.77707
0.778845
0.776025
0.772935
0.775457
0.778356
0.777607
0.776321
0.77975
0.774105
0.738234
0.772761
0.77677
0.77158
0.775994
0.776476
0.773701
0.773738
0.780103
0.774625
0.778481
0.777866
0.77504
0.777281
0.779249
