0.529707
0.389716
0.354587
0.317911
0.329993
0.365207
0.341661
0.369863
0.569091
0.603528
0.617958
0.6
0.621385
0.567789
0.575368
0.600736
0.603604
0.615248
0.599115
0.627089
0.620471
0.593407
0.608238
0.602875
0.593054
0.604651
0.62692
0.600922
0.58914
0.586387
0.583104
0.603189
0.623037
0.583929
0.61032
0.583789
0.619857
0.589127
0.60177
0.613274
0.610961
0.612355
0.632314
0.608266
0.612046
0.601064
0.585626
0.604672
0.596429
0.5843
0.58636
0.603417
0.592559
0.514641
0.590598
0.588183
0.570657
0.57731
0.612732
0.548825
0.589302
0.606222
0.609515
0.598368
0.593805
0.623665
0.59009
0.626126
0.610714
0.564947
0.603433
0.597776
0.616831
0.59457
0.555863
0.611111
0.621574
0.582428
0.611668
0.565295
0.584007
0.59083
0.615253
0.611111
0.633043
0.620536
0.626412
0.591873
0.618026
0.604464
0.603433
0.615052
0.60159
0.610184
0.58274
0.625664
0.626724
0.572464
0.629243
0.587444
