0.49884
0.534269
0.553682
0.550764
0.576271
0.579535
0.564607
0.578897
0.575382
0.597426
0.579194
0.563041
0.570616
0.570209
0.556304
0.574929
0.576336
0.575
0.580615
0.58209
0.569159
0.564593
0.562857
0.563041
0.573296
0.566885
0.591107
0.616983
0.599103
0.561682
0.394007
0.425897
0.307072
0.431877
0.303075
0.401876
0.399844
0.404206
0.434583
0.395577
0.473783
0.617834
0.606512
0.563758
0.574427
0.581991
0.600917
0.574927
0.55315
0.592731
0.587242
0.555334
0.555996
0.538385
0.543564
0.561538
0.553502
0.579545
0.55642
0.573407
0.578125
0.57377
0.555019
0.576628
0.578652
0.566698
0.507921
0.564532
0.573515
0.575962
0.541955
0.558079
0.618397
0.597015
0.602564
0.59387
0.588619
0.578748
0.595127
0.574788
0.572249
0.585458
0.588508
0.601656
0.619004
0.582938
0.590909
0.582046
0.592904
0.587406
0.578646
0.613208
0.596026
0.596774
0.589573
0.585227
0.612874
0.587629
0.584834
0.592627
