0.727993
0.630531
0.625849
0.567113
0.571426
0.599706
0.609285
0.669944
0.759569
0.767891
0.77415
0.76988
0.774454
0.776248
0.776739
0.774295
0.780051
0.770872
0.7717
0.771933
0.775772
0.774943
0.773566
0.773934
0.774403
0.782794
0.779009
0.774751
0.767702
0.749784
0.779916
0.781538
0.778883
0.777332
0.77656
0.777447
0.771177
0.770282
0.775004
0.771732
0.772243
0.769423
0.779201
0.777525
0.772875
0.77043
0.770419
0.77628
0.771468
0.774777
0.772144
0.770569
0.773845
0.694779
0.772611
0.772492
0.768186
0.770975
0.770427
0.774963
0.770784
0.76931
0.773255
0.777127
0.774105
0.779763
0.774339
0.780133
0.783278
0.779555
0.77641
0.777737
0.777237
0.77979
0.776786
0.77796
0.77546
0.771548
0.779931
0.759805
0.76627
0.774898
0.777899
0.774274
0.768746
0.767438
0.775603
0.770168
0.771187
0.769869
0.772292
0.772577
0.773987
0.774581
0.776309
0.77617
0.771004
0.773291
0.774586
0.774462
