0.746345
0.77069
0.763407
0.772822
0.766869
0.77478
0.77132
0.773354
0.77112
0.776896
0.771741
0.717604
0.774738
0.773626
0.772356
0.772049
0.774214
0.773929
0.775745
0.772244
0.7719
0.768129
0.770804
0.778724
0.770706
0.773701
0.770914
0.773858
0.776881
0.775892
0.775673
0.773553
0.772996
0.77602
0.769947
0.767385
0.770165
0.768797
0.773661
0.772189
0.779232
0.776952
0.775361
0.775947
0.778207
0.77864
0.772971
0.774399
0.776885
0.776606
0.774182
0.773027
0.774087
0.773215
0.776157
0.770018
0.775557
0.772098
0.77538
0.77439
0.77158
0.776457
0.768811
0.760855
0.771897
0.772459
0.774218
0.775377
0.772766
0.781007
0.77753
0.772574
0.773538
0.764024
0.775037
0.775331
0.776296
0.773535
0.772475
0.767664
0.773482
0.775417
0.777509
0.780272
0.776666
0.777453
0.776262
0.742008
0.64329
0.655518
0.656112
0.654573
0.689918
0.702289
0.742156
0.770737
0.774464
0.769362
0.770349
0.768601
