0.431185
0.437092
0.53327
0.564229
0.573739
0.575071
0.569378
0.583969
0.570881
0.577586
0.582046
0.582146
0.593511
0.569485
0.556974
0.559406
0.555888
0.557749
0.578947
0.586618
0.602791
0.578846
0.591509
0.563636
0.587609
0.590737
0.602421
0.596987
0.6026
0.606004
0.625789
0.581699
0.595349
0.584196
0.588613
0.606227
0.615101
0.594722
0.595172
0.575872
0.589792
0.622831
0.594444
0.571973
0.598361
0.560419
0.59322
0.555118
0.552529
0.551552
0.572266
0.546906
0.57696
0.567961
0.561951
0.557297
0.603738
0.557377
0.555981
0.555879
0.55746
0.566254
0.564547
0.563672
0.5724
0.573088
0.560904
0.605546
0.562896
0.549336
0.394696
0.394488
0.40031
0.404984
0.471959
0.398545
0.48725
0.535433
0.573599
0.592523
0.558071
0.542885
0.571154
0.570878
0.55169
0.548233
0.590781
0.56547
0.598113
0.559024
0.600186
0.561353
0.580095
0.581801
0.590826
0.610329
0.59044
0.581767
0.554724
0.591296
