0.671488
0.71546
0.765481
0.772722
0.775181
0.777409
0.778591
0.777611
0.776785
0.777462
0.777993
0.779148
0.777593
0.778881
0.776937
0.775263
0.778115
0.777206
0.736545
0.776522
0.774782
0.778694
0.776669
0.776413
0.776956
0.777843
0.775469
0.776123
0.772481
0.77533
0.78297
0.779002
0.779261
0.777842
0.777474
0.775663
0.777112
0.777787
0.77875
0.777257
0.776711
0.778925
0.77733
0.776345
0.775121
0.773986
0.777114
0.777704
0.774418
0.774177
0.775919
0.775795
0.77862
0.780246
0.780769
0.777146
0.782077
0.779178
0.774837
0.777302
0.775427
0.777383
0.776823
0.774154
0.776859
0.778065
0.776289
0.765506
0.762111
0.775291
0.657501
0.656992
0.655269
0.657343
0.693439
0.70321
0.745057
0.772241
0.773762
0.771522
0.776775
0.773791
0.778766
0.77651
0.776607
0.77512
0.773896
0.774272
0.772676
0.774376
0.774202
0.775886
0.773607
0.777419
0.773738
0.777421
0.776903
0.776565
0.773913
0.775967
