0.674424
0.735491
0.77706
0.774057
0.7724
0.785083
0.780255
0.735952
0.780861
0.780302
0.779273
0.780443
0.782765
0.783542
0.782409
0.774099
0.784439
0.777422
0.780176
0.777286
0.780181
0.77701
0.778895
0.778158
0.777972
0.777965
0.778604
0.777561
0.779837
0.779519
0.779851
0.779997
0.77985
0.779809
0.778883
0.77688
0.780217
0.779915
0.779819
0.74777
0.778334
0.778159
0.779077
0.782691
0.78364
0.782288
0.782494
0.779496
0.781215
0.782281
0.784017
0.784017
0.77815
0.783078
0.781215
0.784056
0.782801
0.776312
0.784895
0.782801
0.783847
0.783316
0.779405
0.778823
0.782829
0.780441
0.784481
0.779903
0.778694
0.779542
0.7818
0.782528
0.780556
0.783118
0.785286
0.779143
0.783846
0.781164
0.785215
0.783701
0.783088
0.780741
0.780752
0.778956
0.781596
0.781567
0.781529
0.777835
0.781854
0.779277
0.781056
0.779069
0.778477
0.778289
0.78065
0.780651
0.779779
0.781962
0.777078
0.780652
