0.51087
0.594033
0.608411
0.596045
0.59325
0.602273
0.581262
0.6
0.608534
0.592351
0.588235
0.602612
0.586368
0.574388
0.598492
0.569302
0.60495
0.625115
0.596819
0.603528
0.592453
0.613594
0.589792
0.61326
0.597526
0.584646
0.591778
0.593598
0.592556
0.582439
0.595283
0.602871
0.606877
0.597919
0.602041
0.610851
0.592979
0.594595
0.59887
0.593991
0.613953
0.614884
0.584216
0.574286
0.572666
0.57512
0.592168
0.595506
0.584601
0.598299
0.608735
0.594078
0.618916
0.606909
0.582625
0.595484
0.586207
0.590737
0.601497
0.597928
0.601307
0.57045
0.598338
0.593779
0.574735
0.566132
0.583899
0.570997
0.560976
0.564179
0.593567
0.567164
0.571429
0.569416
0.5801
0.544534
0.56163
0.570582
0.565435
0.56724
0.576172
0.569138
0.582253
0.565045
0.575758
0.565089
0.575787
0.564741
0.572134
0.55915
0.592904
0.60566
0.575071
0.573599
0.571292
0.592912
0.586754
0.610075
0.573709
0.595806
