0.511648
0.38105
0.408178
0.501664
0.426503
0.450071
0.419986
0.437546
0.466412
0.595194
0.613309
0.615724
0.627706
0.620419
0.621053
0.588025
0.573812
0.600541
0.60159
0.589744
0.611807
0.627119
0.606143
0.621549
0.581478
0.620814
0.605684
0.576419
0.599639
0.621185
0.585212
0.610035
0.615455
0.608072
0.619176
0.618621
0.586679
0.58574
0.578755
0.580349
0.601411
0.555556
0.589097
0.602484
0.624462
0.59243
0.594112
0.592788
0.60216
0.568679
0.59767
0.641361
0.608507
0.582465
0.606762
0.610526
0.594926
0.617673
0.587013
0.614187
0.602431
0.609499
0.629948
0.585004
0.616319
0.626432
0.566697
0.587773
0.58733
0.580292
0.598013
0.603033
0.583026
0.583562
0.589674
0.609403
0.623318
0.590383
0.601648
0.621743
0.587967
0.620596
0.578804
0.578024
0.581547
0.579439
0.590119
0.551923
0.561387
0.578378
0.578616
0.555556
0.540018
0.584665
0.580413
0.588801
0.571677
0.582456
0.614385
0.573464
