1316
1060
1032
1056
1040
1032
1020
1040
1024
1060
1036
1068
1032
1024
1048
1028
1036
1024
1016
1036
1048
1060
1028
1020
1032
1020
1076
1020
1060
1060
1020
1024
1032
1020
1028
1024
1028
1024
1032
1028
1028
1032
1028
1016
1020
1052
1044
1016
1024
1040
1040
1028
1016
1028
1020
1020
1036
1016
1020
1020
1020
1028
1008
1048
1012
1044
1020
1052
1040
1020
1032
1020
1012
1040
1024
1040
1024
1032
1012
1024
1036
1036
1028
1020
1020
1040
1020
1016
1036
1056
1088
1036
1036
1036
1032
1036
1052
1060
1024
1028
