0.704769
0.738096
0.731608
0.781772
0.781654
0.787473
0.790428
0.794454
0.794694
0.790139
0.792989
0.794821
0.79312
0.642574
0.777759
0.784556
0.779765
0.784359
0.785337
0.786147
0.787337
0.783406
0.789766
0.787271
0.785316
0.785511
0.787323
0.787062
0.740929
0.78092
0.782451
0.784182
0.783442
0.783222
0.784023
0.78378
0.78409
0.784212
0.786804
0.786756
0.7881
0.784642
0.780148
0.787186
0.78092
0.782239
0.784792
0.783625
0.784768
0.781016
0.783306
0.782894
0.783994
0.778678
0.783491
0.781147
0.785542
0.783382
0.786925
0.782735
0.781348
0.784274
0.781596
0.78734
0.784584
0.785677
0.786688
0.785681
0.784927
0.786923
0.783495
0.785774
0.785485
0.785497
0.78584
0.784742
0.784569
0.77996
0.789855
0.788559
0.783563
0.77999
0.782822
0.779831
0.78362
0.783277
0.782779
0.786627
0.780316
0.781038
0.782505
0.781476
0.785369
0.783523
0.779733
0.782045
0.784782
0.782855
0.786034
0.780406
