0.647936
0.735772
0.77542
0.749472
0.776478
0.778188
0.775925
0.781636
0.779386
0.783177
0.782117
0.781359
0.781019
0.781708
0.785678
0.78264
0.781399
0.782031
0.78212
0.78116
0.782
0.779425
0.784738
0.784092
0.782432
0.781737
0.782098
0.782138
0.74808
0.778998
0.779737
0.782178
0.783695
0.783643
0.780105
0.783121
0.778849
0.782514
0.782277
0.783945
0.784079
0.783952
0.783726
0.784136
0.782083
0.77924
0.783534
0.788834
0.77921
0.773907
0.780684
0.780433
0.780795
0.764685
0.780915
0.782789
0.780411
0.782324
0.782999
0.780672
0.777021
0.784249
0.786202
0.783556
0.779919
0.780941
0.783496
0.784085
0.781958
0.781452
0.783278
0.78331
0.781705
0.786083
0.784759
0.78157
0.781866
0.783148
0.756698
0.778823
0.780711
0.782819
0.781623
0.777867
0.778981
0.784503
0.782769
0.783977
0.781579
0.780817
0.781944
0.782081
0.784053
0.782333
0.779425
0.780309
0.78143
0.780195
0.781533
0.783248
