0.594906
0.57584
0.598573
0.601762
0.577758
0.568627
0.579577
0.58552
0.594742
0.554674
0.575092
0.609259
0.594216
0.622088
0.596859
0.5918
0.576649
0.581333
0.621549
0.625219
0.579929
0.600877
0.582278
0.58274
0.603433
0.582868
0.634683
0.588551
0.565766
0.625995
0.59243
0.643369
0.604444
0.59507
0.608229
0.621574
0.607493
0.580269
0.611511
0.590135
0.600723
0.55602
0.574176
0.445347
0.540284
0.487994
0.402894
0.435192
0.43378
0.406409
0.413293
0.5625
0.577491
0.575
0.603571
0.576855
0.594051
0.586294
0.609885
0.611888
0.619048
0.588537
0.619298
0.589983
0.599284
0.618068
0.613438
0.59214
0.590988
0.600174
0.569177
0.587826
0.601399
0.621118
0.591731
0.59419
0.599476
0.580214
0.608772
0.564831
0.619983
0.576655
0.628991
0.606222
0.605546
0.582892
0.553172
0.595536
0.588529
0.562956
0.547619
0.60312
0.584854
0.590135
0.609865
0.610035
0.597148
0.603856
0.598949
0.58209
