0.969646
0.998915
0.842812
0.789398
0.841894
0.840097
0.841144
0.848765
0.847114
0.837727
0.828821
0.833475
0.830486
0.822812
0.862172
0.852213
0.787286
0.794148
0.796698
0.862803
0.844022
0.846573
0.839155
0.840128
0.837925
0.849886
0.805147
0.845975
0.838417
0.799076
0.815143
0.860769
0.825541
0.839127
0.85567
0.846862
0.794792
0.817097
0.859004
0.809384
0.860199
0.838449
0.824561
0.859122
0.82864
0.82514
0.859304
0.858025
0.861469
0.859231
0.857915
0.860076
0.82423
0.807779
0.822095
0.792146
0.818657
0.822157
0.787837
0.821848
0.824928
0.822206
0.818787
0.821848
0.821637
0.783803
0.821637
0.822174
0.787798
0.819505
0.82559
0.786011
0.825054
0.823913
0.826241
0.823699
0.816083
0.817841
0.823657
0.821298
0.817437
0.791864
0.824802
0.817156
0.793241
0.773422
0.764948
0.996691
1
0.844044
0.82716
0.8
0.815582
0.860182
0.827298
0.862789
0.839184
0.781995
0.833475
0.826185
