1.97503
1.78546
1.79015
1.78839
1.81555
1.82215
1.79
1.77472
1.77953
1.79375
1.78601
1.77192
1.65005
1.69517
1.70193
1.77266
1.79465
1.88259
1.88414
1.67974
1.78905
1.78727
1.81257
1.81507
1.82064
1.69813
1.78128
1.77964
1.79072
1.80947
1.79247
1.65435
1.68808
1.79577
1.75917
1.71088
1.8908
1.80258
1.70065
1.66551
1.70543
1.79479
1.69578
1.7094
1.79264
1.69935
1.70468
1.70404
1.70543
1.7054
1.70418
1.70421
1.69491
1.64101
1.64154
1.63306
1.64149
1.64498
1.63647
1.64336
1.64242
1.64553
1.6403
1.64212
1.64607
1.63247
1.6481
1.63866
1.61947
1.64448
1.64687
1.63452
1.64429
1.64371
1.62496
1.63945
1.64691
1.64192
1.64055
1.64291
1.64534
1.63209
1.64354
1.64312
1.62878
1.66843
1.66525
1.71309
1.70168
1.77472
1.7959
1.8727
1.79439
1.69089
1.68455
1.70167
1.80271
1.7686
1.78447
1.75335
