0.511407
0.459026
0.481818
0.529286
0.424372
0.453297
0.348006
0.39435
0.418246
0.517806
0.512292
0.511252
0.519545
0.510596
0.529412
0.470733
0.515281
0.295201
0.295
0.318135
0.328413
0.334378
0.462951
0.49404
0.545455
0.526208
0.494125
0.405789
0.445255
0.409371
0.415335
0.412334
0.404365
0.385845
0.348434
0.348772
0.294033
0.304279
0.278469
0.258005
0.295342
0.297137
0.359955
0.419244
0.43982
0.406321
0.322965
0.41099
0.277401
0.301105
0.413662
0.440834
0.33546
0.339145
0.35548
0.333156
0.352488
0.373475
0.280476
0.300933
0.314453
0.3916
0.390633
0.367174
0.345299
0.33298
0.395518
0.358234
0.275668
0.298974
0.401018
0.522727
0.260488
0.447044
0.528501
0.259172
0.37382
0.316384
0.270923
0.415651
0.328384
0.317829
0.418954
0.4
0.356594
0.435962
0.433796
0.364257
0.406849
0.31144
0.336057
0.30123
0.409118
0.396138
0.36545
0.408284
0.408794
0.453368
0.52177
0.450641
