0.496011
0.382173
0.460383
0.409063
0.429459
0.372872
0.494817
0.317941
0.39242
0.365299
0.339686
0.417582
0.427774
0.502228
0.429742
0.386298
0.510782
0.451311
0.522949
0.433661
0.333333
0.366298
0.405836
0.418794
0.417767
0.434066
0.449507
0.476744
0.432598
0.430496
0.498987
0.449755
0.506876
0.471366
0.352256
0.391122
0.459962
0.470668
0.515404
0.471767
0.499003
0.415638
0.484365
0.507946
0.510403
0.492459
0.511155
0.50185
0.454936
0.451094
0.502379
0.445327
0.501344
0.504213
0.541856
0.48071
0.508564
0.508112
0.434354
0.505249
0.471064
0.5125
0.501325
0.382133
0.374657
0.442136
0.509313
0.49546
0.424551
0.49677
0.518421
0.517608
0.456359
0.418632
0.466141
0.460864
0.40058
0.406829
0.479443
0.496053
0.474038
0.519319
0.504717
0.518912
0.498425
0.513298
0.510417
0.452863
0.46478
0.351596
0.432173
0.389046
0.413372
0.493713
0.51169
0.491436
0.36308
0.399189
0.402819
0.424172
