0.931024
0.937379
0.783645
0.7762
0.73048
0.689843
0.690678
0.720408
0.729605
0.685734
0.78479
0.675929
0.692616
0.71048
0.755854
0.767395
0.878009
0.8258
0.773661
0.771931
0.731196
0.763039
0.878071
0.771915
0.769534
0.829259
0.773494
0.768569
0.823053
0.766088
0.72288
0.878352
0.721644
0.837867
0.772771
0.752272
0.821924
0.772162
0.722921
0.794699
0.723938
0.773607
0.755801
0.784106
0.824007
0.776929
0.770602
0.819519
0.778785
0.770952
0.827301
0.770153
0.767254
0.799542
0.773066
0.768703
0.881546
0.7255
0.794505
0.772484
0.769816
0.880248
0.774672
0.786051
0.724212
0.780058
0.880203
0.779923
0.78176
0.771105
0.780906
0.823218
0.774976
0.684488
0.715946
0.774082
0.668664
0.827024
0.826819
0.76951
0.832633
0.80833
0.714415
0.832459
0.764654
0.71314
0.819968
0.77607
0.707848
0.823743
0.751104
0.754151
0.811147
0.709617
0.828741
0.831531
0.824168
0.769072
0.768619
0.766573
