50136
49784
48920
53508
49424
49468
49448
53132
49256
49216
49160
54340
48812
48916
49448
57440
49012
49540
49484
52984
49424
49936
48936
53828
49812
48932
49588
53808
49232
49460
49680
53292
49380
49260
49504
54464
49172
49520
48968
54020
48620
49336
49432
53804
49408
49416
48860
56976
49292
48928
49500
61880
48764
49264
49440
54236
49312
49156
48984
49588
53624
48780
48984
49484
52972
49420
49848
48868
53832
49968
48956
48836
54388
49412
49516
49428
54004
49000
49504
48896
53688
49168
48860
49064
53708
48948
48832
49612
53176
49424
48880
48972
53352
48868
49648
48868
54096
50028
48940
50192
