0.971831
0.998832
1
0.827554
0.835833
0.777388
0.834829
0.850566
0.864042
0.770379
0.995349
1
0.850955
0.844073
0.767712
0.91601
0.857698
0.830258
0.818649
0.852725
0.82198
0.866473
0.852875
0.755306
0.993115
0.849962
0.829289
0.861993
0.834003
0.79648
0.825151
0.787801
0.827032
0.869172
0.814917
0.766944
1
0.858441
0.80297
0.803804
0.847809
0.810481
0.777019
1
0.832882
0.775487
1
0.942394
0.798458
0.854599
0.84472
0.843402
0.861335
0.853622
0.729897
1
0.850407
0.819068
0.846931
0.769499
0.894807
0.856492
0.8138
0.849357
0.854383
0.774971
1
0.85961
0.769321
1
0.791912
0.849388
0.845912
0.731682
1
0.827032
0.856204
0.854106
0.773672
1
0.858454
0.81606
0.853403
0.815771
0.772517
0.85354
0.884227
0.914787
0.90901
0.895812
0.897516
0.92685
0.915985
0.902205
0.920869
0.886131
0.820994
1
0.926023
0.863105
