0.818221
0.692815
0.6358
0.692932
0.651966
0.669581
0.758193
0.765108
0.691458
0.664605
0.639084
0.650593
0.710052
0.673665
0.773508
0.618572
0.714675
0.629589
0.633499
0.71848
0.630786
0.729408
0.845799
0.678864
0.649783
0.632695
0.683414
0.821682
0.829256
0.77295
0.734672
0.710347
0.744341
0.652644
0.640702
0.663115
0.749312
0.772315
0.761502
0.755932
0.666205
0.686601
0.626737
0.63783
0.761158
0.84551
0.773237
0.669764
0.68014
0.736768
0.751404
0.625434
0.722244
0.847174
0.750797
0.742292
0.730252
0.676247
0.619303
0.621639
0.671128
0.693777
0.671194
0.732558
0.730864
0.681899
0.621103
0.660363
0.673045
0.632756
0.676011
0.676872
0.630714
0.678244
0.630333
0.621763
0.633577
0.677964
0.619239
0.676158
0.658971
0.67884
0.729922
0.71318
0.632056
0.672721
0.61995
0.632151
0.719637
0.766667
0.69026
0.668408
0.636738
0.67416
0.677228
0.633856
0.675185
0.761982
0.688779
0.666354
