0.970642
0.750489
0.632879
0.850163
0.795307
0.796716
0.804878
0.860518
0.812971
0.775336
0.849471
0.787879
0.807507
0.860922
0.867044
0.783019
0.817641
0.842241
0.804973
0.860395
0.8
0.80015
0.841808
0.753769
0.752372
0.859081
1
1
0.828274
0.988901
0.994236
0.931507
0.997504
0.998894
0.930328
0.999081
1
0.932131
0.879845
0.825818
0.76594
0.844388
0.785558
0.797101
0.846025
0.830524
0.834171
0.797224
0.754057
0.851852
0.776481
0.805169
0.851493
0.833333
0.807729
0.818361
0.826889
0.787209
0.922321
0.844146
0.763864
0.823923
0.858333
0.782972
0.80222
0.862509
0.816109
0.857752
0.819853
0.807617
0.843972
0.846275
0.750315
0.805638
0.818537
0.818926
0.802681
0.801587
1
0.939856
0.998557
1
1
0.857919
1
1
0.722779
0.834725
0.807276
0.763206
0.842697
0.843895
0.734409
0.840383
0.85443
0.837885
0.867391
0.821224
0.822202
0.810771
