0.543139
0.295861
0.326021
0.383935
0.329595
0.25445
0.339791
0.272727
0.309745
0.467574
0.343066
0.293255
0.472134
0.309963
0.307839
0.437182
0.306513
0.283893
0.314896
0.369924
0.348928
0.37517
0.485981
0.438484
0.393393
0.439768
0.44898
0.4157
0.392351
0.504314
0.402897
0.403238
0.473684
0.477363
0.474942
0.447257
0.517136
0.481684
0.49572
0.474674
0.514988
0.488556
0.516381
0.471739
0.4497
0.402853
0.440132
0.400488
0.415875
0.393099
0.388331
0.328947
0.344993
0.347586
0.353898
0.327974
0.328348
0.396923
0.439311
0.403127
0.358355
0.427502
0.438075
0.509434
0.400662
0.461538
0.503852
0.430889
0.42617
0.415483
0.449422
0.410148
0.387268
0.406926
0.524961
0.440519
0.463127
0.395968
0.477145
0.413448
0.431953
0.417024
0.483947
0.400398
0.404682
0.339103
0.364652
0.416303
0.375456
0.348352
0.417027
0.376379
0.319109
0.412104
0.373936
0.380795
0.375575
0.355484
0.354455
0.415297
