224708
220184
220544
224024
220044
221780
220436
220568
221032
220184
220280
220720
220468
226228
220136
220316
224608
220252
220976
220064
220336
221576
220576
219932
221496
220236
224532
220196
220296
224480
220208
221012
224100
220100
221348
220060
220120
221456
220228
224428
219988
220192
225036
220116
220012
224088
220300
229400
219952
219940
221760
220000
224812
220104
220184
224656
228748
219972
224416
220056
221212
220124
220292
221160
220060
236860
220440
220172
237680
220700
220240
224316
220040
221104
220476
220104
221200
220324
220168
220368
220044
224336
220300
220092
224696
220508
220956
220160
220404
221168
220040
220120
220128
220048
224316
220188
220080
224504
220096
221004
