0.833474
0.823664
0.834499
0.837045
0.844382
0.837329
0.842512
0.763147
0.739183
0.465679
0.585482
0.697346
0.682166
0.707301
0.688979
0.734977
0.778272
0.68604
0.737443
0.703869
0.685147
0.628886
0.6259
0.681943
0.637563
0.728638
0.706119
0.682813
0.73524
0.769058
0.685107
0.670895
0.671768
0.586374
0.679103
0.680463
0.636423
0.731342
0.70495
0.687734
0.737366
0.765213
0.688238
0.738249
0.718765
0.615505
0.643163
0.635234
0.636668
0.725176
0.707695
0.685605
0.72983
0.771861
0.678254
0.734811
0.706208
0.688923
0.673204
0.63488
0.679836
0.67876
0.70919
0.688783
0.73291
0.776385
0.679495
0.733823
0.680764
0.754234
0.675193
0.635541
0.621682
0.725974
0.768319
0.689047
0.694915
0.686321
0.684271
0.74079
0.775555
0.631823
0.718819
0.637551
0.627537
0.680759
0.678547
0.584284
0.676811
0.686008
0.633847
0.683006
0.684993
0.638215
0.666209
0.683788
0.640535
0.682375
0.682046
0.640843
