24412
20256
19064
23556
20612
19068
18932
18812
18904
19036
18972
19020
19072
25028
20528
18880
27972
20404
18952
19188
19100
19212
19048
18916
19156
19020
23548
20300
19268
23160
20636
19172
19408
19080
18928
18836
19180
19168
19084
23040
20468
18884
23384
20440
19004
23048
20872
18852
19200
18996
19232
19000
23352
20620
18904
23368
20504
18904
23284
20740
19504
19076
18964
19036
19104
23912
21144
19068
25192
20252
19080
23156
20584
18936
19044
19080
19048
19648
23976
20568
19184
23616
20100
18840
23292
20332
19048
18976
18920
18976
19004
19584
19352
18988
27952
20300
18940
23664
20612
18828
