22104
16444
15724
15856
15704
15808
15876
20004
15804
15660
19972
16384
15900
20140
16108
15856
15876
15624
15960
16504
15784
15820
15768
21852
16160
15796
20148
16480
15872
15672
15856
16048
15948
15880
15812
15720
19936
16176
16120
20352
16164
15884
15688
15672
15644
15688
15996
15700
15644
20240
16108
15808
20092
16812
15680
20620
16008
15896
15800
15832
15880
15640
19920
16320
15836
20332
16140
15936
20244
16276
15940
15860
15760
15884
15884
20000
16576
15960
22016
16028
16144
20272
16076
15832
16052
15676
15816
15708
20076
16384
15704
20240
16168
15888
20412
16424
15756
15708
15668
16080
