1
0.815727
0.790235
0.921053
0.864312
0.724719
0.998871
0.827614
0.868705
0.996992
0.862963
0.824066
1
0.868984
1
0.913548
0.999079
0.985005
1
0.993958
0.999002
0.981542
1
0.915924
0.966584
0.998705
0.997354
0.921729
0.988345
0.996835
0.872106
0.916153
1
0.99696
0.997063
0.899491
0.995268
0.996992
0.99537
0.910468
0.995246
0.998457
0.998387
0.909465
0.875303
0.789534
0.769683
0.698574
0.770035
0.779264
0.740513
0.666667
0.742408
0.737844
0.739769
0.691866
0.726721
0.994898
0.997207
0.773349
0.745677
0.762188
0.874055
0.998397
0.81768
0.870249
0.97205
0.86741
0.90828
0.845687
0.922572
0.868578
0.814935
0.878345
0.99179
0.865979
0.90522
0.877235
0.996933
0.878049
0.911458
0.871166
0.992413
0.887043
0.817978
0.903007
0.896587
0.859102
0.839494
0.896801
0.873762
0.896982
0.846503
0.876225
0.894351
0.894118
0.837014
0.885886
0.896728
0.863081
