0.512987
0.233198
0.26901
0.374906
0.250778
0.283863
0.349782
0.337906
0.337838
0.25632
0.30479
0.459708
0.397154
0.352184
0.406274
0.389166
0.376397
0.259615
0.276942
0.348868
0.303068
0.310686
0.365303
0.351429
0.308379
0.310425
0.338668
0.307921
0.293521
0.370889
0.328883
0.289087
0.277778
0.314506
0.273703
0.247555
0.439418
0.347177
0.365629
0.292994
0.27529
0.290323
0.307835
0.275293
0.354981
0.312248
0.344915
0.275459
0.293849
0.299654
0.267886
0.267908
0.350822
0.322261
0.357143
0.332308
0.264962
0.233675
0.374065
0.290614
0.286976
0.407967
0.486798
0.284632
0.305303
0.312234
0.294622
0.252552
0.346109
0.346422
0.241362
0.271459
0.369489
0.290493
0.295967
0.242539
0.280533
0.385965
0.343311
0.314549
0.296061
0.243876
0.223481
0.418416
0.392994
0.299302
0.248473
0.283735
0.283429
0.240561
0.264257
0.421622
0.291102
0.286908
0.247295
0.328322
0.398072
0.283389
0.24365
0.281606
