36376
35772
35336
35572
35580
39336
38596
35360
44544
38120
35268
40164
38132
35496
43668
35492
35304
35132
39824
38728
35356
40076
38340
35300
39652
38336
35508
35408
35532
36392
35384
39252
39140
35264
41324
38548
35520
39484
38396
35604
35420
35456
35384
35820
35004
35532
35428
39156
38428
35400
39160
38080
35712
35376
35316
35360
35484
35468
35952
35812
39532
38636
35492
39428
38508
35692
35556
35368
35348
35424
35536
35612
35544
39336
38636
35692
39804
38412
35432
39624
35340
35512
35600
35492
35564
35180
40076
38596
35492
41516
38484
35152
39256
38256
35280
35868
35516
35368
35656
39364
