0.560681
0.455864
0.376022
0.317848
0.304701
0.399123
0.405863
0.325054
0.398417
0.418272
0.331275
0.439863
0.406791
0.32011
0.433144
0.301043
0.305327
0.3606
0.349342
0.354019
0.397444
0.39272
0.211878
0.299772
0.333131
0.31326
0.458603
0.529542
0.405863
0.319707
0.243889
0.284031
0.378613
0.409692
0.338795
0.458447
0.288153
0.250926
0.423436
0.350626
0.33829
0.446048
0.34622
0.365824
0.302009
0.37164
0.415352
0.34187
0.449883
0.419593
0.366432
0.283075
0.368353
0.363005
0.301568
0.38192
0.33637
0.281195
0.363572
0.369607
0.30391
0.382271
0.329469
0.302887
0.357194
0.331333
0.284162
0.402189
0.349359
0.286137
0.388812
0.350765
0.282883
0.398481
0.341902
0.312397
0.298516
0.436514
0.288013
0.38079
0.358812
0.276747
0.357192
0.3403
0.307516
0.362994
0.334836
0.304529
0.356909
0.362492
0.307279
0.357984
0.34236
0.273673
0.365613
0.367554
0.305523
0.392906
0.338501
0.319396
