18608
17444
17224
27248
17088
18000
16844
22204
17340
16876
17168
20832
17044
16744
16792
21956
16812
16684
16880
21492
17124
17444
16536
21276
16880
16928
16552
21864
16496
17068
18652
21788
16972
17388
17712
21664
16432
16960
16556
21412
16960
16776
17600
21592
17272
16752
16540
21476
17204
16860
16960
21804
17428
17192
16992
21104
17044
17928
17956
17164
21632
17000
16760
17124
21672
16792
17232
16696
22392
18092
16844
16708
21344
16760
16876
17496
21640
17444
17028
17280
21452
17280
18268
16928
21420
17216
16992
16500
21336
17224
17524
16528
21240
17248
17000
17208
21572
17012
17028
17168
