0.964432
0.913504
1
0.944765
1
1
0.994898
0.936461
0.990099
0.999113
0.99918
0.95422
0.847393
0.995807
1
0.94914
0.804003
0.938628
0.998472
0.933747
1
0.998852
0.991701
0.945159
0.914189
1
1
0.997423
0.920828
0.997012
1
0.998911
0.928414
1
1
0.999031
0.928331
0.996128
0.998728
1
0.924779
0.996798
0.99912
0.995857
0.763251
0.991848
0.999022
0.994618
0.92296
1
1
0.997504
0.920245
0.99865
0.995833
1
0.940271
0.983225
0.996782
1
0.938447
1
0.996124
1
0.942882
1
0.999201
1
0.939421
0.996949
1
0.996146
0.95574
0.997347
0.997549
1
0.928625
0.999035
1
1
0.93765
0.999019
0.998795
0.99809
0.939722
0.999007
1
0.996947
0.929881
0.935294
0.995947
0.996139
0.98886
0.942081
1
1
1
0.942681
0.996448
1
