0.926535
0.936003
0.772315
0.836463
0.681762
0.766014
0.756271
0.723547
0.763124
0.827358
0.777974
0.773699
0.830651
0.724831
0.710073
0.765863
0.711583
0.721987
0.821214
0.770046
0.776084
0.82191
0.777431
0.715296
0.798746
0.77384
0.707952
0.7736
0.771503
0.724788
0.705992
0.857423
0.726647
0.73945
0.855375
0.701005
0.708242
0.771963
0.720177
0.770908
0.84431
0.780706
0.781879
0.765348
0.745639
0.717296
0.70873
0.765298
0.723152
0.772673
0.8609
0.86597
0.949026
0.959108
0.88265
0.861984
0.707888
0.757618
0.726795
0.763374
0.826716
0.84207
0.776131
0.859333
0.804315
0.819876
0.866405
0.728268
0.728106
0.815521
0.776059
0.773467
0.861396
0.777708
0.719689
0.856505
0.691077
0.688817
0.851914
0.68946
0.695701
0.831585
0.691375
0.69666
0.833335
0.714745
0.709282
0.852275
0.712705
0.7095
0.848438
0.713009
0.705518
0.771879
0.78156
0.714363
0.780126
0.777332
0.714456
0.770087
