0.812536
0.712052
0.664756
0.697681
0.844544
0.847173
0.763502
0.858495
0.861128
0.764813
0.719023
0.690625
0.715319
0.840807
0.85875
0.765729
0.836751
0.863457
0.765857
0.857455
0.865768
0.75826
0.763859
0.691256
0.780008
0.80766
0.682321
0.754954
0.806153
0.68993
0.762701
0.804751
0.673634
0.663769
0.693796
0.782074
0.758242
0.781001
0.863513
0.785391
0.792758
0.780853
0.754018
0.645625
0.779959
0.704137
0.751431
0.861051
0.861377
0.790619
0.788837
0.864278
0.787374
0.850228
0.785949
0.785143
0.792363
0.729687
0.625135
0.778476
0.728088
0.789252
0.730091
0.790754
0.785529
0.723341
0.785724
0.729719
0.790045
0.790363
0.711847
0.748516
0.727544
0.725691
0.792204
0.788077
0.794703
0.869692
0.787405
0.728589
0.795997
0.781049
0.725643
0.793633
0.786167
0.726115
0.721278
0.714425
0.729661
0.794699
0.871058
0.731945
0.723296
0.792732
0.784447
0.728907
0.791712
0.784416
0.726851
0.788042
