0.540841
0.499608
0.355909
0.381875
0.392713
0.380368
0.291267
0.278221
0.34467
0.34601
0.385424
0.361898
0.357096
0.358302
0.338621
0.281053
0.30407
0.353082
0.350497
0.385097
0.441679
0.424159
0.389118
0.301036
0.345574
0.277228
0.28032
0.296061
0.332885
0.339752
0.356607
0.345903
0.357974
0.3
0.259126
0.260366
0.278626
0.314629
0.38507
0.361053
0.408461
0.407326
0.343905
0.275421
0.285979
0.281287
0.264978
0.317088
0.321913
0.349791
0.365804
0.284974
0.256537
0.269016
0.275148
0.253093
0.285376
0.341202
0.332897
0.382948
0.283896
0.284478
0.258309
0.277809
0.29229
0.302302
0.276547
0.267725
0.253266
0.288903
0.281143
0.275945
0.318294
0.286255
0.273443
0.279848
0.28716
0.299687
0.305382
0.31071
0.294771
0.294464
0.298423
0.291002
0.285015
0.268204
0.277919
0.271175
0.304025
0.27987
0.362509
0.388687
0.373634
0.419424
0.388626
0.384727
0.372144
0.39238
0.374908
0.367466
