0.900826
0.998849
1
0.941014
0.998496
0.996732
1
0.992151
1
0.998708
0.83908
0.920737
0.998869
0.904269
0.997028
0.998798
0.914103
0.998366
1
0.997037
0.992101
0.996407
0.910788
0.99909
1
0.998912
0.942142
0.997534
1
0.941645
0.997519
1
0.858813
0.87447
1
0.998992
1
0.998665
0.992504
0.924312
0.994513
1
0.927015
0.820631
1
0.945101
0.99881
0.998521
0.993789
0.997436
1
0.993779
0.91844
0.997046
0.993582
0.923345
0.998786
0.99472
0.657105
1
0.994681
1
1
0.997616
0.996134
0.940422
0.985542
0.994748
0.917062
0.994206
0.997041
0.922197
0.995722
0.998984
0.996454
1
0.996119
0.974926
0.912037
1
0.997585
0.926991
0.997879
0.99773
0.920522
1
0.996757
0.998834
1
1
0.996933
0.991597
0.996859
1
0.880846
0.997812
1
0.921176
1
0.998824
