0.820461
0.742215
0.736317
0.846753
0.714096
0.822185
0.648963
0.693133
0.775191
0.839954
0.842522
0.84481
0.848638
0.846798
0.85088
0.764607
0.840797
0.589285
0.586544
0.646524
0.666909
0.674234
0.78745
0.843289
0.842014
0.848316
0.843981
0.749397
0.758609
0.752376
0.727539
0.69629
0.72453
0.694169
0.639761
0.636774
0.587366
0.620253
0.599604
0.562414
0.604836
0.678189
0.691012
0.732688
0.737075
0.737229
0.665886
0.73642
0.624134
0.675871
0.722582
0.72587
0.670628
0.671488
0.675713
0.672539
0.673022
0.718322
0.66217
0.678422
0.679751
0.732044
0.733347
0.671543
0.674107
0.67114
0.733971
0.677119
0.622283
0.677464
0.773887
0.845201
0.627229
0.791705
0.849973
0.626636
0.725656
0.689584
0.65632
0.707159
0.688864
0.70424
0.765917
0.702248
0.677416
0.77743
0.768854
0.701268
0.750824
0.7036
0.712044
0.705477
0.764849
0.77495
0.763055
0.77526
0.774724
0.745929
0.834382
0.739188
