29124
36224
27700
27604
28648
32560
28136
28100
28036
32880
28380
27980
28316
32060
28024
28024
28128
32576
28148
27956
28028
33100
27692
27600
27916
32388
28004
28104
27928
32388
28300
27872
28120
32844
27592
27600
27640
33108
28680
27924
27868
32336
28700
27656
27888
32500
27988
27924
27612
32532
27816
27892
27556
34288
32520
27812
27564
28112
32552
28044
27848
27660
32388
27872
27960
28808
32244
28624
27884
28004
32620
28140
27912
27892
32308
27880
27860
27692
32172
27800
28096
28040
40504
27776
27912
27664
32444
28140
27668
27816
32328
27916
27628
28036
32612
27656
27872
27856
32424
27584
