0.975845
0.998721
0.998525
0.994074
0.975182
0.912874
0.997072
0.997758
0.989975
0.728853
0.928837
0.999026
0.969298
0.939309
0.999022
0.996328
0.998912
0.939926
0.998765
0.99912
0.99802
0.787968
0.999181
0.999038
0.998379
0.928256
0.998028
1
1
0.936445
0.986974
0.99905
0.99912
0.791539
0.998183
0.99902
0.998361
0.913138
0.971972
0.997965
0.997446
0.933466
0.986987
0.998768
0.998145
0.890768
0.872063
0.99747
0.997765
0.924051
0.997951
0.995
0.9988
0.92551
0.939338
0.998773
1
0.996967
0.922895
1
0.998088
0.996957
0.939221
0.999009
1
0.980942
0.941124
0.96925
0.751412
1
0.93128
0.998322
1
0.994152
0.937319
1
0.89605
0.998056
0.938532
0.993498
0.996667
0.999203
0.87744
0.998517
1
0.999046
0.945924
0.912881
0.991758
0.998221
0.956014
0.999012
1
0.999274
0.941077
0.998259
0.999259
0.997132
0.94398
0.999277
