0.55763
0.395624
0.294471
0.257108
0.310268
0.284676
0.321192
0.246843
0.255056
0.406951
0.263631
0.297872
0.339898
0.25
0.248672
0.38684
0.33531
0.287031
0.281407
0.243832
0.357377
0.26707
0.306271
0.436261
0.354957
0.254913
0.245768
0.337184
0.316538
0.323065
0.422148
0.345517
0.28024
0.335783
0.327824
0.29942
0.363433
0.345139
0.240283
0.335878
0.304956
0.297071
0.39908
0.366972
0.290801
0.305179
0.302162
0.289704
0.408856
0.249093
0.302442
0.368487
0.23424
0.307151
0.341603
0.32059
0.314871
0.370425
0.277419
0.288689
0.337678
0.306569
0.243986
0.297361
0.341965
0.24332
0.277717
0.459231
0.330462
0.317333
0.258762
0.263857
0.44854
0.275269
0.324769
0.331102
0.279506
0.333333
0.246405
0.26038
0.431501
0.282768
0.264
0.248541
0.342383
0.354513
0.185084
0.282635
0.361181
0.321804
0.279352
0.263517
0.380826
0.288472
0.251628
0.300678
0.242591
0.299866
0.322324
0.256896
