0.891808
0.686995
0.635534
0.657173
0.672571
0.657489
0.671176
0.639381
0.783322
0.662544
0.665675
0.647486
0.670421
0.665282
0.669617
0.656359
0.64494
0.685111
0.777929
0.724244
0.629381
0.662776
0.674528
0.669035
0.652644
0.6809
0.748652
0.677765
0.65855
0.671153
0.782519
0.66706
0.665574
0.678984
0.668831
0.630145
0.778894
0.670878
0.646958
0.680692
0.673528
0.667464
0.78294
0.663134
0.681034
0.685259
0.658427
0.787795
0.676276
0.6646
0.668984
0.661825
0.687677
0.792038
0.678119
0.658577
0.669213
0.791495
0.68494
0.661167
0.667228
0.674542
0.788713
0.68149
0.672434
0.615349
0.666269
0.641717
0.679977
0.682503
0.639192
0.686558
0.67563
0.669381
0.686364
0.68409
0.672445
0.683761
0.638889
0.774599
0.675
0.659353
0.684814
0.788251
0.675127
0.680276
0.629881
0.67931
0.645126
0.787962
0.677384
0.671429
0.780952
0.677567
0.684271
0.676016
0.65391
0.639978
0.679019
0.682175
