0.671317
0.506271
0.474679
0.451792
0.464863
0.525842
0.502601
0.446366
0.449131
0.452298
0.449557
0.453582
0.469611
0.533078
0.450515
0.45326
0.533213
0.511736
0.508361
0.449468
0.456839
0.473783
0.462152
0.456086
0.471462
0.508809
0.447071
0.525257
0.44657
0.452923
0.53685
0.513726
0.515883
0.510842
0.515318
0.515962
0.448077
0.452847
0.534663
0.517827
0.448051
0.44922
0.485957
0.450582
0.455489
0.538852
0.443817
0.43902
0.479457
0.474453
0.535184
0.447104
0.455125
0.453638
0.449804
0.542972
0.517852
0.516528
0.515642
0.518369
0.515876
0.445627
0.451353
0.534052
0.516794
0.502392
0.514588
0.444584
0.453971
0.536666
0.51176
0.510144
0.448213
0.450121
0.462351
0.453461
0.451497
0.450483
0.460316
0.456598
0.469258
0.539104
0.448169
0.494972
0.4557
0.455225
0.447135
0.445472
0.468711
0.536704
0.514905
0.515955
0.517004
0.512726
0.451398
0.452641
0.536129
0.512223
0.517024
0.518258
