0.50269
0.3195
0.150479
0.164758
0.15622
0.163904
0.188544
0.198226
0.225106
0.214253
0.229959
0.260967
0.232135
0.238246
0.226381
0.23311
0.189527
0.162446
0.227368
0.185836
0.205894
0.255601
0.23049
0.222376
0.189027
0.172792
0.247465
0.228086
0.156396
0.182688
0.227539
0.170171
0.167425
0.170895
0.169608
0.165274
0.260223
0.215668
0.11962
0.168265
0.17109
0.204567
0.228051
0.166822
0.177694
0.168481
0.190541
0.235419
0.22988
0.172189
0.159928
0.19692
0.15499
0.236773
0.236539
0.169492
0.1926
0.220321
0.219191
0.23386
0.16573
0.192656
0.236469
0.223518
0.235052
0.142743
0.204653
0.196373
0.164442
0.169793
0.199301
0.241182
0.162365
0.166893
0.166272
0.17449
0.202194
0.16309
0.178832
0.198097
0.234624
0.197405
0.161864
0.242628
0.15812
0.175439
0.22466
0.177305
0.195595
0.236952
0.159758
0.198856
0.232777
0.177054
0.174799
0.177108
0.185269
0.197607
0.197988
0.233086
