0.997909
0.997944
0.997909
0.997857
0.996795
0.997902
0.997777
0.997934
0.996774
0.997886
0.997812
0.996822
0.997676
0.997852
0.997669
0.997802
0.99668
0.997738
0.997781
0.997899
0.997824
0.997758
0.997863
0.99787
0.997585
0.997931
0.997962
0.997861
0.997935
0.997866
0.99784
0.997876
0.997845
0.997872
0.997882
0.997859
0.997916
0.996794
0.997737
0.997878
0.997946
0.996707
0.99787
0.997868
0.997856
0.997912
0.997898
0.997937
0.997857
0.997848
0.997789
0.997903
0.997911
0.997921
0.997942
0.99798
0.99791
0.997836
0.997962
0.997964
0.997933
0.99795
0.997984
0.997894
0.99801
0.997977
0.996698
0.997836
0.997833
0.997822
0.997908
0.997963
0.996759
0.997811
0.997841
0.997977
0.997877
0.99782
0.997849
0.997938
0.998004
0.997975
0.997948
0.9979
0.997933
0.997961
0.997921
0.997875
0.99786
0.997902
0.997905
0.998012
0.997955
0.997859
0.997904
0.997914
0.998008
0.997846
0.997852
0.996883
