0.808236
0.811624
0.811843
0.816163
0.81385
0.812529
0.81244
0.812493
0.812505
0.812413
0.812849
0.816632
0.815201
0.814323
0.814078
0.813499
0.813137
0.810489
0.807927
0.812527
0.813315
0.812486
0.812854
0.812442
0.811725
0.811636
0.812364
0.815556
0.814134
0.813335
0.81404
0.814163
0.814003
0.813928
0.812767
0.813127
0.809086
0.808898
0.811765
0.811763
0.812898
0.812684
0.81244
0.815323
0.813984
0.812697
0.812627
0.813246
0.813945
0.814336
0.814197
0.816802
0.816143
0.813512
0.810515
0.808634
0.811676
0.811566
0.81306
0.815341
0.814688
0.812647
0.812665
0.812708
0.811978
0.812073
0.812933
0.815911
0.81671
0.81453
0.814146
0.813418
0.810152
0.808
0.811759
0.813876
0.815264
0.81297
0.812561
0.81238
0.812551
0.812609
0.812402
0.814776
0.816093
0.814146
0.814441
0.814337
0.813764
0.813252
0.810462
0.808836
0.811416
0.812023
0.812452
0.812787
0.812542
0.8124
0.812391
0.8141
