2.71474
2.71515
2.71484
2.71607
2.71571
2.71645
2.37608
2.71535
2.71525
2.71595
1.58092
2.71544
2.71555
2.71486
2.71538
2.71615
2.71561
2.71605
2.7115
2.7163
2.71558
2.71697
2.71588
2.71622
2.71489
2.7148
2.71586
2.71571
2.71288
2.71607
2.71557
2.71568
2.7168
2.716
2.71618
2.71457
2.69655
2.71367
2.71617
2.71564
2.71651
2.71592
2.71558
2.71526
2.7161
2.71628
2.71031
2.71598
2.71642
2.71683
2.71647
1.57411
2.71599
2.71676
2.70538
2.71534
2.71571
2.7161
2.71588
2.71599
2.71635
2.7153
2.71526
2.71463
2.71555
2.71514
2.71497
2.71516
2.7151
2.71465
2.71595
2.71438
2.7164
2.71636
2.71702
2.71567
2.71554
2.71602
2.71642
2.71551
2.71506
2.716
2.71588
2.71643
2.71624
2.71621
2.71506
2.71649
2.71714
2.7165
2.7161
2.70985
2.71593
1.76958
2.52516
2.71481
2.71644
2.71522
2.71683
2.71595
