2360
1900
1832
2036
2016
2264
1924
2028
1964
2008
1860
1792
1644
1892
1984
1780
1908
1776
2348
1748
1984
1928
1912
2068
2000
2056
1916
1964
1740
2172
2028
1788
1996
1924
2080
2108
2376
1700
1876
1956
1928
2204
1912
1824
1704
2204
1712
2156
1728
1908
2168
1880
2028
1980
1912
1732
2192
2324
2084
1948
2084
1776
1924
1740
1972
1748
1988
1920
2004
1724
2472
1796
1752
6656
1984
1748
2388
1780
1988
2192
1996
1952
1664
1924
2000
1864
2004
1944
1804
1680
1988
1668
2064
1688
1768
1944
2440
1796
1952
1648
