0.617542
0.615342
0.613503
0.614978
0.615053
0.614555
0.617079
0.61657
0.615639
0.615516
0.609015
0.617155
0.613959
0.615763
0.615372
0.616409
0.617259
0.615422
0.615078
0.614903
0.614227
0.6169
0.615832
0.616416
0.615433
0.6171
0.617189
0.614429
0.604992
0.616509
0.6159
0.615762
0.615338
0.616329
0.616729
0.616507
0.610643
0.614492
0.615222
0.617027
0.614649
0.616744
0.615004
0.61082
0.616002
0.615539
0.612787
0.61031
0.615848
0.617181
0.618122
0.61331
0.616327
0.613902
0.615963
0.614347
0.615859
0.614809
0.61562
0.609703
0.61609
0.613087
0.610101
0.616033
0.616202
0.614866
0.6163
0.615793
0.616861
0.617757
0.617628
0.612683
0.615193
0.618261
0.614149
0.614511
0.615286
0.610876
0.614658
0.616519
0.616545
0.615109
0.616598
0.615098
0.61626
0.610619
0.611296
0.614195
0.613733
0.6172
0.615728
0.615997
0.617226
0.615102
0.613098
0.615331
0.615611
0.617671
0.615615
0.616081
