1.62119
1.63432
1.6394
1.64152
1.64102
1.64416
1.63953
1.6401
1.6398
1.63988
1.6395
1.63797
1.63704
1.64175
1.63956
1.3477
2.10432
2.10354
2.10406
2.10289
2.10397
2.10066
2.10173
2.10098
2.10375
2.10347
2.10487
2.10559
2.10112
2.10562
2.10755
2.10539
2.10457
2.10669
2.10535
2.10551
2.10666
2.10227
2.10726
2.10576
2.10452
2.10643
2.1053
2.10208
2.10572
2.10422
2.10498
2.10639
2.10332
2.10497
2.1048
2.10658
2.10679
2.09881
2.10566
2.09425
2.10668
2.10565
2.10563
2.10742
2.10564
2.10605
2.10698
2.10752
2.1062
2.1076
2.10089
2.10488
2.10334
2.10692
2.10581
2.1063
2.10415
2.10826
2.10741
2.10571
2.10526
2.10699
2.10525
2.10728
2.10293
2.10457
2.10659
2.10518
2.10543
2.1045
2.05943
2.10598
2.10616
2.10328
2.10519
2.10148
2.10381
2.10355
2.10578
2.10446
2.10412
2.10772
2.10594
2.10553
