0.778961
0.545734
0.723175
0.644495
0.60223
0.752744
0.617927
0.639566
0.661846
0.705202
0.640588
0.652935
0.622125
0.764433
0.626674
0.667808
0.766984
0.63696
0.632287
0.646584
0.664009
0.61274
0.670461
0.66326
0.628086
0.650709
0.638528
0.704531
0.628225
0.663652
0.755333
0.640788
0.632371
0.639727
0.63963
0.638457
0.611325
0.670034
0.760487
0.655709
0.635672
0.647758
0.779186
0.646162
0.665721
0.773288
0.65773
0.636416
0.711906
0.614101
0.75
0.626211
0.673493
0.672551
0.622034
0.758339
0.646048
0.645105
0.640476
0.632948
0.649597
0.638126
0.653504
0.765136
0.647936
0.608108
0.650905
0.611877
0.641975
0.758475
0.639251
0.648803
0.646137
0.644347
0.666667
0.658576
0.671089
0.672727
0.670514
0.672571
0.616386
0.769542
0.649918
0.773856
0.664209
0.658207
0.583877
0.681461
0.630753
0.776574
0.634299
0.640874
0.655351
0.627842
0.638368
0.657503
0.763937
0.624434
0.64868
0.650321
