0.807704
0.822483
0.808924
0.814041
0.659278
0.806695
0.789915
0.817389
0.664154
0.81416
0.791025
0.6634
0.766336
0.821907
0.776682
0.815381
0.650237
0.775861
0.793742
0.819092
0.816155
0.795614
0.800632
0.812566
0.765435
0.819126
0.826528
0.801726
0.816991
0.803763
0.80286
0.817534
0.817769
0.815128
0.823575
0.819038
0.822852
0.671274
0.764106
0.809239
0.826795
0.647651
0.809291
0.799011
0.806263
0.821197
0.820617
0.825591
0.807197
0.805907
0.807523
0.830429
0.820217
0.826533
0.832683
0.836188
0.829613
0.805632
0.830804
0.833907
0.827513
0.827632
0.84111
0.813139
0.848061
0.837249
0.645485
0.805881
0.806637
0.810076
0.832871
0.836883
0.651639
0.796281
0.793604
0.842273
0.800953
0.816209
0.798969
0.831743
0.845379
0.831946
0.839154
0.837466
0.837935
0.841459
0.824376
0.808616
0.807806
0.821055
0.821962
0.847299
0.839784
0.805749
0.820621
0.827578
0.84594
0.80852
0.806712
0.70307
