3.10929
3.11271
3.11654
3.10872
3.10939
3.10931
3.11124
3.10691
3.11389
3.11732
3.11127
3.10807
3.11234
3.10696
3.11261
3.11126
3.10951
3.10515
3.11105
3.11263
3.11366
3.11166
3.11083
3.11569
3.11186
3.11184
3.10827
3.0832
3.11109
3.11333
3.1122
3.10727
3.10786
3.11493
3.1131
3.11003
3.11145
3.10772
3.11097
3.10619
3.10603
3.10787
3.10165
3.11543
3.10193
3.09884
3.02336
2.94141
3.10401
3.11242
3.11467
3.11019
3.10535
3.11459
3.10635
3.07998
3.1104
3.11177
3.10623
3.1044
3.11241
3.11403
3.11599
3.11424
3.11295
3.10669
3.09768
3.10849
3.11519
3.08619
3.10135
3.11363
3.10774
3.11094
3.11415
3.11416
3.11563
3.10864
3.11796
3.1087
3.10898
3.11128
3.11247
3.10213
3.1169
3.11746
3.11796
3.10944
3.10978
3.1051
3.11253
3.10696
3.1136
2.8598
3.09068
3.11193
3.10971
3.11248
3.11671
3.11217
