0.99548
0.995768
0.995554
0.995362
0.994634
0.996152
0.995896
0.996205
0.99602
0.995689
0.995391
0.995685
0.996154
0.995721
0.995202
0.995508
0.995664
0.99613
0.996084
0.995361
0.996216
0.995672
0.996144
0.995429
0.992104
0.995554
0.995358
0.996336
0.996147
0.994994
0.996029
0.995724
0.995575
0.996111
0.995174
0.996074
0.996233
0.995747
0.995901
0.995767
0.996026
0.996049
0.995967
0.996412
0.994766
0.99574
0.99637
0.996142
0.996041
0.996145
0.995029
0.996305
0.995939
0.995563
0.995819
0.99585
0.995787
0.994639
0.99587
0.996022
0.996336
0.996089
0.996388
0.995974
0.994795
0.996048
0.995312
0.995854
0.996124
0.99573
0.996168
0.995781
0.996104
0.996086
0.995813
0.994485
0.996295
0.99588
0.996266
0.995963
0.996103
0.995858
0.995582
0.995704
0.996028
0.995635
0.995802
0.99623
0.99589
0.996348
0.994796
0.995928
0.99646
0.996126
0.996055
0.995985
0.996228
0.9961
0.996043
0.995551
