2848
2212
1672
1892
2124
1976
1828
2048
1720
1984
1844
1844
1720
2064
1956
1808
1684
7024
1596
1648
2176
2020
1724
1752
1888
1732
1676
2108
1860
2176
1760
1788
1800
1988
6220
1620
1884
1716
1924
1768
1992
1560
1744
1992
1460
1856
2048
1848
1744
1616
1960
6804
1680
1804
1956
1784
1660
1492
1424
1704
1584
1632
1728
1948
1992
2000
2036
1896
7172
1888
2152
2404
1824
1616
1864
1860
2064
1596
2112
1972
2056
1608
2128
1836
1760
6388
2576
2044
1944
1788
1724
1896
1488
1844
1744
2904
1808
1592
2532
1612
