579062100
575691664
573464508
572833008
572247656
572529808
573288992
573537320
573474592
574108820
573724392
573921084
574125196
573380752
573537644
535494856
447025936
446930908
447115680
447210516
446900740
447067352
446926692
446941088
446877672
446759688
446881968
446724600
446997948
446660324
446650140
446703520
446760752
446662144
446834640
446631708
446688720
446888556
446735388
446698844
446832272
446753504
446720796
446958636
446697092
446896188
446731652
446565660
446886076
446703968
446759748
446688896
446677788
446962596
446692976
446727316
446620284
446696612
446732176
446614116
446771876
446655968
446530708
446596552
446713932
446630280
447032912
446753420
446793232
446680824
446667948
446635036
446663852
446544728
446705692
446687348
446697200
446560148
446703844
446581860
446717664
446828800
446634480
446715188
446736520
446827484
448236652
446862912
446716248
446811228
446674876
446819084
446855816
446763348
446719088
446812416
446805168
446603780
446645548
446670376
