37607268
37616760
37595632
37562384
37537964
37596220
37544840
37543560
37544836
37552508
37540036
37533176
37539532
37545224
37541328
37568520
37526940
37574096
37541892
37534684
37552296
37528056
37555152
37607652
37588444
37558456
37533520
37536836
37565516
37536292
37636784
37538844
37621732
37570508
37590068
37543744
37591628
37599120
37568172
37576148
37549036
37566404
37569404
37542660
37532100
37547720
37541644
37538360
37547920
37628452
37541500
37573132
37537388
37546012
37538004
37586452
37552000
37533876
37550256
37582284
37527420
37539012
37568032
37533280
37567732
37563208
37591428
37555292
37545472
37554296
37570600
37539448
37566288
37593144
37539448
37568784
37577504
37567768
37534160
37543492
37571092
37547576
37587148
37589748
37535620
37546736
37542572
37573180
37567920
37544440
37551976
37561972
37564736
37536808
37584008
37595300
37531068
37732572
37591224
37604224
