0.572485
0.302348
0.28125
0.145949
0.144118
0.211984
0.221187
0.249062
0.258399
0.232039
0.232924
0.228392
0.273404
0.237393
0.167668
0.147848
0.218007
0.127019
0.164706
0.203607
0.210446
0.139325
0.148861
0.22216
0.218146
0.150516
0.162424
0.203525
0.224044
0.235867
0.234728
0.221645
0.250729
0.227713
0.229237
0.233879
0.230919
0.235663
0.251227
0.246349
0.23118
0.27239
0.227623
0.22271
0.251148
0.236159
0.139113
0.139736
0.236874
0.210923
0.241121
0.254768
0.237427
0.234893
0.220388
0.225414
0.224648
0.248549
0.244789
0.233366
0.229823
0.224409
0.228571
0.25098
0.245725
0.240077
0.232625
0.23309
0.228585
0.247774
0.248401
0.240696
0.20474
0.2286
0.135149
0.150841
0.230943
0.221895
0.222114
0.220264
0.241346
0.240993
0.307271
0.230167
0.243985
0.144834
0.133589
0.209759
0.201134
0.229229
0.222881
0.225061
0.227786
0.229187
0.25382
0.256789
0.21169
0.240408
0.223807
0.219259
