0.995477
0.995355
0.995273
0.995562
0.995345
0.995416
0.995309
0.995416
0.995366
0.995562
0.995466
0.995606
0.995181
0.995298
0.995431
0.995568
0.995424
0.99531
0.995421
0.995533
0.995577
0.99533
0.995453
0.995429
0.995337
0.995572
0.995487
0.995479
0.995064
0.995635
0.995587
0.995442
0.995646
0.995336
0.995109
0.995471
0.995579
0.995411
0.995454
0.995185
0.995189
0.995628
0.995487
0.995404
0.995557
0.995428
0.994847
0.995419
0.995377
0.995192
0.995558
0.995613
0.995467
0.995574
0.995617
0.995343
0.995368
0.99571
0.995604
0.995597
0.995282
0.995724
0.995214
0.995451
0.995676
0.995704
0.995474
0.994671
0.995553
0.995428
0.995582
0.995379
0.995662
0.99565
0.995441
0.995625
0.995117
0.995404
0.995536
0.995307
0.995285
0.995492
0.995644
0.995428
0.995459
0.995506
0.995448
0.995606
0.995491
0.995526
0.995304
0.995525
0.995348
0.995617
0.995449
0.995565
0.994957
0.995554
0.995438
0.995496
