0.708793
0.542889
0.524
0.518338
0.519702
0.519857
0.577865
0.509547
0.516377
0.517237
0.517481
0.523013
0.421767
0.446453
0.532642
0.518214
0.518002
0.518854
0.518294
0.426767
0.450007
0.53332
0.515415
0.520861
0.517574
0.516484
0.518509
0.515025
0.518627
0.547402
0.521394
0.52126
0.516906
0.517979
0.518721
0.518894
0.441788
0.447968
0.534506
0.549533
0.519476
0.520785
0.511305
0.517026
0.518521
0.523476
0.51612
0.517095
0.54367
0.517874
0.524413
0.517243
0.550292
0.519255
0.522139
0.520411
0.52064
0.522217
0.517989
0.520983
0.454955
0.446099
0.432444
0.5313
0.540795
0.467855
0.450201
0.453078
0.46209
0.468956
0.536082
0.514041
0.521178
0.542455
0.514
0.527152
0.517294
0.52034
0.517426
0.520278
0.520769
0.510401
0.445482
0.448508
0.530804
0.515644
0.519169
0.516788
0.515756
0.520227
0.516577
0.518642
0.515015
0.518006
0.517392
0.521052
0.519947
0.520642
0.515746
0.517244
