0.948177
0.958173
0.961602
0.96193
0.923225
0.964008
0.963384
0.954424
0.961812
0.952173
0.960947
0.964946
0.959715
0.962254
0.95971
0.959151
0.945342
0.963787
0.961901
0.955327
0.959642
0.959763
0.95366
0.961378
0.966159
0.962808
0.962835
0.965133
0.96135
0.9623
0.956229
0.961427
0.960153
0.957253
0.95434
0.961125
0.958257
0.954526
0.960385
0.954268
0.961086
0.957543
0.960652
0.95574
0.944773
0.957707
0.955577
0.956279
0.964247
0.930399
0.785149
0.906347
0.925276
0.959888
0.957256
0.780271
0.960459
0.964558
0.971936
0.972414
0.970161
0.963647
0.953482
0.961346
0.962675
0.962049
0.964576
0.953583
0.958957
0.961522
0.960764
0.957332
0.960176
0.963315
0.959352
0.961366
0.959573
0.964529
0.958262
0.959764
0.960005
0.962704
0.963457
0.959991
0.957923
0.959469
0.958939
0.963305
0.956929
0.962978
0.96541
0.949465
0.957478
0.958972
0.95797
0.961803
0.959674
0.959948
0.961666
0.941311
