0.896721
0.563138
0.67055
0.5781
0.679028
0.673995
0.677305
0.674839
0.670303
0.675127
0.651205
0.67011
0.640845
0.668272
0.785613
0.68018
0.682692
0.675974
0.679562
0.619647
0.674293
0.782353
0.670432
0.680466
0.67933
0.677337
0.676943
0.684411
0.674968
0.703969
0.660453
0.675949
0.675761
0.674921
0.676991
0.68265
0.664512
0.676822
0.776786
0.738905
0.682022
0.680715
0.659158
0.681703
0.683365
0.679257
0.675393
0.65738
0.749643
0.678549
0.676357
0.677419
0.747518
0.674776
0.668209
0.675938
0.680025
0.675325
0.676677
0.678864
0.490678
0.668055
0.642013
0.783668
0.727931
0.578947
0.704188
0.679027
0.734092
0.629994
0.782736
0.652751
0.686224
0.754018
0.677603
0.674252
0.676377
0.675866
0.683576
0.664456
0.67619
0.658594
0.667254
0.675611
0.781592
0.677756
0.68176
0.678988
0.693161
0.672302
0.680556
0.677955
0.673941
0.682728
0.674093
0.666886
0.681988
0.676433
0.656155
0.674905
