2248
1560
1304
1368
1248
1420
1112
1216
1200
1396
1276
1320
6364
1336
1260
1252
1492
1360
1244
1396
1228
1260
1304
1336
1624
1316
1268
1312
1116
10372
1328
1472
1472
1352
1168
1340
1540
1356
1228
1452
1520
1320
1360
1312
1568
1268
1284
5916
1232
1340
1268
1376
1216
1308
1068
1552
1220
1408
1304
1520
1296
1516
1192
1452
6092
1408
1232
1448
1256
1324
1380
1432
1260
1408
1272
1440
1336
1468
1220
1392
1280
5884
1256
1460
1300
1328
1592
1376
1292
1460
1608
1352
1352
1224
1716
1360
1248
1388
6288
1512
