0.214822
0.230784
0.237167
0.22916
0.23182
0.235805
0.234963
0.231447
0.232717
0.230623
0.233711
0.228639
0.228392
0.232521
0.234855
0.234731
0.233142
0.231393
0.235087
0.237384
0.235029
0.233974
0.233837
0.234261
0.234408
0.233964
0.23103
0.230846
0.230927
0.219996
0.231258
0.231464
0.231684
0.234011
0.235937
0.230951
0.231837
0.23364
0.232909
0.232729
0.228879
0.223735
0.231437
0.229767
0.232973
0.234204
0.232074
0.233115
0.235308
0.224906
0.229357
0.234982
0.231387
0.231843
0.232917
0.234623
0.231931
0.231597
0.232352
0.232589
0.23169
0.233098
0.229375
0.305649
0.315457
0.244436
0.227632
0.230232
0.229893
0.229514
0.232709
0.234308
0.237241
0.232617
0.234452
0.233578
0.233132
0.22939
0.231074
0.233676
0.231624
0.231601
0.226638
0.230265
0.23105
0.234552
0.23121
0.234751
0.234472
0.231376
0.231813
0.233382
0.234435
0.232824
0.232369
0.232879
0.232129
0.228583
0.232701
0.232542
