54812544
54747256
54823204
54777332
54828372
54785508
54834468
54784896
54779992
54768352
54782736
54758236
54851568
54728588
54841444
54750764
54834688
54854828
54808292
54796584
54808536
54799056
54744276
54841652
54837648
54774464
54820600
54731188
54932784
54816388
54823704
54773800
54806924
54840800
54909452
54761712
54730140
54851472
54907376
54840508
54924700
54820824
54824524
54810592
54794300
54757764
54932220
54792396
54892268
54841168
54823632
54792304
54794656
54829508
54792636
54839184
54866016
54776804
54787696
54721340
54862308
54793656
54891652
54795880
54805692
54795708
54843968
54991412
54689556
54864196
54793584
54805740
54775912
54780116
54837268
54800264
54904396
54776416
54853636
54811280
54850736
54783816
54772336
54830808
54840016
54834632
54776784
54809812
54846572
54815484
54870000
54725128
54843076
54812112
54831080
54771796
54888108
54793712
54833308
54787916
