2.14044
2.14055
2.13259
2.14246
2.1394
2.13774
2.13507
2.1422
2.13809
2.14278
2.14246
2.14331
2.13838
2.13777
2.13653
2.14378
2.14058
2.13823
2.13738
2.13764
2.1413
2.13844
2.14132
2.13852
2.1403
2.14265
2.1412
2.14294
2.13259
2.14107
2.1408
2.13843
2.14152
2.13661
2.13087
2.13617
2.14451
2.13982
2.13644
2.13376
2.13152
2.14097
2.14063
2.14125
2.14194
2.14316
2.13543
2.13761
2.13833
2.1402
2.14094
2.14205
2.14189
2.14056
2.14203
2.13867
2.13591
2.14134
2.14229
2.14489
2.13931
2.14191
2.13427
2.13975
2.14138
2.14186
2.14013
2.13078
2.14189
2.13784
2.13954
2.13854
2.14271
2.14262
2.14048
2.14158
2.13616
2.13708
2.13828
2.14062
2.13624
2.14033
2.14285
2.13631
2.13612
2.13618
2.14269
2.14132
2.13988
2.13679
2.13789
2.14215
2.14023
2.14118
2.13915
2.14025
2.13197
2.13969
2.14052
2.1423
