270881496
270962532
271498188
271340364
271169460
271354692
271465792
271826116
271615680
271271152
271129036
271425160
271007008
270620948
271226380
271476900
271187756
271440760
271301588
271233812
271158200
271133920
270350860
271369652
271020236
271111228
270984336
270814644
271808024
271772444
270784220
271349024
270990928
271135136
271307164
271219288
270655212
271277656
271608340
271369228
271171220
271203500
271307284
271438908
270643384
271331584
271066124
271229624
271437352
271393260
271255464
271323124
271468276
271193936
270387592
271657648
271403064
272017324
271038256
271181912
271253856
271534744
271140992
270961164
270986088
271092760
271056216
270774608
270538712
271349892
271792912
271426268
270768772
271489868
271187036
271720680
270856892
270640284
271186540
272027584
270802032
271615020
271325116
271249220
272162504
271701528
270896684
271581516
271344036
271480844
271338972
271440268
271014396
271691496
271284320
271016644
271555308
271434808
271469040
271358156
