2.99402
2.98299
2.97073
2.98769
2.99444
2.99215
2.99933
2.99816
2.9598
2.99182
2.99269
2.99654
2.99967
2.99782
2.99843
2.99675
2.99596
2.99603
2.99869
3.00048
2.99777
3.00082
2.99761
2.97841
2.98497
2.994
2.99681
2.99485
2.99133
2.99599
2.95941
2.99351
2.97935
2.9771
2.99132
2.99312
2.99108
2.98207
2.98203
2.9863
2.99497
2.99422
2.99741
3.00004
3.00064
2.99145
2.99344
2.99582
2.99199
2.96519
2.96704
2.98389
2.98594
2.98799
2.99546
2.99301
2.98865
2.98746
2.99287
2.9892
2.99175
2.99638
2.99296
3.00047
2.99082
2.9917
2.99164
2.99125
2.98461
2.99482
2.99695
2.98622
2.99101
2.989
2.99431
2.98602
2.97426
2.99343
2.99694
2.99991
2.98684
2.98316
2.98622
2.99567
2.99035
2.99288
2.99163
2.9942
2.99779
2.9962
2.99925
2.9968
2.986
2.99326
2.99224
2.98723
2.99403
2.88267
2.98953
2.98224
