0.978279
0.980071
0.980099
0.978956
0.979242
0.979399
0.979218
0.979254
0.979607
0.979299
0.978886
0.978916
0.978858
0.977813
0.979441
0.978955
0.978319
0.979379
0.97893
0.978997
0.979116
0.978935
0.977446
0.978534
0.978607
0.978841
0.978557
0.977947
0.980418
0.979836
0.978256
0.978645
0.97908
0.978782
0.979051
0.979323
0.978511
0.978753
0.979375
0.979092
0.97854
0.978833
0.97894
0.978926
0.97889
0.980435
0.979241
0.978843
0.97902
0.979229
0.978708
0.978766
0.97951
0.978932
0.977938
0.980493
0.979437
0.980809
0.978685
0.978709
0.979666
0.979471
0.97864
0.978619
0.978913
0.978884
0.979638
0.978367
0.977968
0.979283
0.978519
0.978915
0.978546
0.978477
0.978599
0.980042
0.979172
0.977866
0.979017
0.980022
0.978382
0.979741
0.979121
0.978747
0.981343
0.980028
0.977912
0.97938
0.979367
0.978977
0.979132
0.979707
0.978895
0.979437
0.978474
0.978971
0.978507
0.978927
0.979223
0.97954
