3.18202
3.18944
3.19267
3.19202
3.17222
3.19652
3.18943
3.18066
3.192
3.17382
3.19175
3.19385
3.18487
3.18954
3.18737
3.18561
3.18273
3.19234
3.19314
3.17509
3.18494
3.18996
3.17797
3.18801
3.19762
3.19455
3.19004
3.19462
3.18509
3.19139
3.17612
3.19396
3.19197
3.18039
3.18026
3.18739
3.18572
3.1813
3.1863
3.17962
3.18524
3.17813
3.19216
3.17997
3.17574
3.18243
3.18332
3.18077
3.19163
3.17697
2.97319
3.1107
3.17057
3.18745
3.18394
2.6566
3.18681
3.18892
3.19113
3.18344
3.19441
3.19465
3.16797
3.19394
3.1966
3.18906
3.19551
3.18666
3.19156
3.19273
3.18719
3.18892
3.18835
3.18744
3.19063
3.18705
3.18655
3.19425
3.19002
3.18979
3.18734
3.19145
3.19283
3.17828
3.18132
3.18879
3.1872
3.18937
3.18476
3.19072
3.19641
3.1803
3.18012
3.18378
3.17573
3.19578
3.18701
3.18513
3.18776
3.17861
