0.0148726
0.014152
0.0143532
0.0142951
0.0142615
0.0142439
0.0142492
0.0146994
0.0143122
0.0142741
0.0146126
0.0140454
0.0145298
0.014467
0.0143832
0.0144245
0.0141286
0.0149148
0.014023
0.0138149
0.0142759
0.0139606
0.0142912
0.0142183
0.0148857
0.0140287
0.0145242
0.0145171
0.014518
0.0145925
0.0145303
0.0144082
0.0143934
0.014657
0.0142903
0.0143155
0.0141516
0.0140664
0.0145363
0.0143731
0.0146267
0.014396
0.0147011
0.0141285
0.0141709
0.0142389
0.0142387
0.0144712
0.0144811
0.0144816
0.014253
0.0143002
0.0145302
0.0140969
0.0146738
0.0141645
0.0143876
0.0144355
0.0141245
0.0146146
0.0144596
0.0143001
0.0145399
0.0144898
0.0140653
0.0144983
0.0142782
0.0146913
0.0141679
0.014315
0.0145944
0.0145027
0.0145499
0.0145041
0.0146099
0.0140697
0.0143187
0.0142981
0.0140105
0.0143341
0.0143299
0.0144857
0.0143041
0.0143133
0.0142856
0.0142144
0.0143322
0.0139894
0.0141019
0.0140573
0.0142867
0.0140073
0.014511
0.01415
0.0143329
0.0144519
0.0140415
0.0144502
0.0140782
0.0144864
