0.873717
0.86675
0.858184
0.869362
0.874955
0.876404
0.876141
0.872756
0.840195
0.8716
0.875451
0.877202
0.877105
0.871846
0.873895
0.86917
0.869658
0.8722
0.87369
0.875477
0.873845
0.876383
0.873158
0.858476
0.866151
0.873883
0.877481
0.873442
0.873284
0.872853
0.836572
0.87158
0.866469
0.855815
0.873517
0.87442
0.871763
0.869397
0.87172
0.869805
0.874294
0.875525
0.876143
0.876491
0.876717
0.867603
0.873744
0.874543
0.872203
0.847882
0.846761
0.869642
0.866241
0.872857
0.871194
0.874458
0.870588
0.864166
0.873096
0.873609
0.873726
0.875136
0.876913
0.875012
0.873859
0.868219
0.874235
0.870353
0.867122
0.875468
0.87558
0.855554
0.873572
0.871435
0.870354
0.86614
0.857224
0.875158
0.876118
0.876046
0.868606
0.867604
0.869918
0.87272
0.867262
0.872694
0.873412
0.875661
0.876994
0.872922
0.876369
0.873149
0.866199
0.872398
0.875431
0.867017
0.872943
0.744389
0.868898
0.870419
