
matrix_vector_mul_double_nonSSE.txt
13000000.000000	3
13100000.000000	16
13200000.000000	4

matrix_vector_mul_double_v1.txt
8100000.000000	21
8200000.000000	3

matrix_vector_mul_double_v2.txt
7400000.000000	8
7500000.000000	16

matrix_vector_mul_f48_loopunroll.txt
6200000.000000	15
6300000.000000	9

matrix_vector_mul_f48_nonSSE.txt
50400000.000000	7
50500000.000000	13
50600000.000000	4

matrix_vector_mul_f48_v1.txt
9500000.000000	17
9600000.000000	5
9700000.000000	2

matrix_vector_mul_f48_v2.txt
5100000.000000	15
5200000.000000	8
