
matrix_vector_mul_double_nonSSE.txt
52200000.000000	11
52300000.000000	8
52400000.000000	4

matrix_vector_mul_double_v1.txt
31700000.000000	7
31800000.000000	12
31900000.000000	4

matrix_vector_mul_double_v2.txt
27900000.000000	5
28000000.000000	2
28400000.000000	3
28600000.000000	3
28800000.000000	2

matrix_vector_mul_f48_loopunroll.txt
23400000.000000	2
23500000.000000	6
23600000.000000	4
23700000.000000	3

matrix_vector_mul_f48_nonSSE.txt
203300000.000000	3
203400000.000000	7
203500000.000000	10
203600000.000000	4

matrix_vector_mul_f48_v1.txt
38100000.000000	11
38200000.000000	11
38400000.000000	2

matrix_vector_mul_f48_v2.txt
20100000.000000	20
20200000.000000	3

binsize
100000
