
results/level1/1048576/min_SSE_double.txt
520000.000000	99

results/level1/1048576/max_SSE_f48.txt
2160000.000000	70
2180000.000000	21
2200000.000000	7

results/level1/1048576/min_SSE_f48.txt
2160000.000000	73
2180000.000000	21
2200000.000000	4

results/level1/1048576/magnitude_SSE_f48.txt
1700000.000000	76
1720000.000000	17
1740000.000000	3
1760000.000000	2

results/level1/1048576/max_SSE_double.txt
520000.000000	96
540000.000000	3

results/level1/1048576/dot_prod_SSE_f48.txt
3020000.000000	7
3040000.000000	37
3060000.000000	29
3080000.000000	12
3100000.000000	4
3120000.000000	2
3280000.000000	5

results/level1/1048576/dot_prod_SSE_double.txt
520000.000000	99

results/level1/1048576/scale_SSE_f48.txt
3480000.000000	4
3500000.000000	59
3520000.000000	19
3540000.000000	13
3560000.000000	3

results/level1/1048576/scale_SSE_double.txt
2180000.000000	29
2200000.000000	44
2220000.000000	16
2240000.000000	5
2260000.000000	2

results/level1/1048576/magnitude_SSE_double.txt
520000.000000	98

binsize
20000
