8822827
8751096
8781029
8688490
8848117
24175218
42325977
8444556
8536349
13498454
9070648
8465186
8931586
8602616
8724359
9409239
8863689
8767273
8444252
8529998
8824635
8688760
8541936
8204801
8575319
8455166
8762809
8339157
8647335
8672705
9484199
8237236
8422176
9111102
8451401
8614456
8215111
8428253
8576007
8530331
8392258
8587936
8313715
8409699
8218039
8543637
8545844
9747214
8264864
9024200
8225212
8298184
8452333
8483732
8679705
8378947
8402547
8719007
8402186
8663554
8310099
8629875
8353195
9166285
8576135
8588154
8416398
8303370
8199392
8829449
8365184
8387740
8422972
8287187
9080364
8493106
8407286
8252151
8857744
8609380
8389345
8349874
8639811
8247016
8525524
8298128
8454085
8312181
8217869
8371761
8513529
8523149
8335183
8298277
8642763
9174831
8370176
8483577
8538385
8805095
