14354922
37198322
18251109
11726340
12106780
11766729
13559402
11888207
13495508
12179953
13453264
11663787
11638724
11703384
11745291
12446259
12918169
11778876
12112064
11981650
11990401
11670400
11999031
11575334
12102315
11797523
11470167
11649963
11792867
11904432
11517020
11553213
11494120
11501480
12048477
11927547
11532270
11774948
11543399
12486314
11783586
11994923
11795679
11827623
12026035
11701516
11798089
11476360
11643722
11765755
11568104
13225100
12298297
11824430
12099458
11865119
11486038
12297740
11905650
12107152
11628892
11869951
13059713
12764030
11535136
11607823
11540209
11711968
12147696
11813176
11415213
11890843
11933001
11601008
11905293
11682318
11507524
11518426
11839324
11405508
11536461
12012155
11520552
11608913
11654553
11853064
12370683
11550754
11939468
11413417
11751996
12183798
11618525
11800295
11724794
11591396
11712606
11964504
20518259
38937223
