
dot_prod_SSE_double.txt
520000.000000	514800.000000	520000.000000	2704000000.000000

dot_prod_SSE_f48.txt
3320000.000000	3042200.000000	3060000.000000	98746626262.626266

magnitude_SSE_double.txt
540000.000000	515000.000000	520000.000000	2710101010.101010

magnitude_SSE_f48.txt
1800000.000000	1689800.000000	1700000.000000	29377737373.737373

max_SSE_double.txt
540000.000000	515400.000000	520000.000000	2722060606.060606

max_SSE_f48.txt
2220000.000000	2146000.000000	2160000.000000	47163636363.636360

min_SSE_double.txt
520000.000000	514800.000000	520000.000000	2704000000.000000

min_SSE_f48.txt
2220000.000000	2144800.000000	2160000.000000	47079757575.757576

scale_SSE_double.txt
2500000.000000	2185000.000000	2200000.000000	50653535353.535355

scale_SSE_f48.txt
3600000.000000	3476000.000000	3500000.000000	123668686868.686874

binsize
20000
