
dot_prod_SSE_double.txt
1100.000000	1056.000000	1100.000000	48400.000000

dot_prod_SSE_f48.txt
4900.000000	4152.000000	4300.000000	762600.000000

magnitude_SSE_double.txt
1100.000000	964.000000	1000.000000	40733.333333

magnitude_SSE_f48.txt
3600.000000	3092.000000	3200.000000	421600.000000

max_SSE_double.txt
1100.000000	968.000000	1000.000000	41433.333333

max_SSE_f48.txt
4600.000000	4048.000000	4200.000000	717600.000000

min_SSE_double.txt
1100.000000	968.000000	1000.000000	41433.333333

min_SSE_f48.txt
4600.000000	4048.000000	4200.000000	717600.000000

scale_SSE_double.txt
2700.000000	2228.000000	2300.000000	222933.333333

scale_SSE_f48.txt
7700.000000	6528.000000	6800.000000	1887933.333333
