
dot_prod_SSE_double.txt
35000.000000	3336.000000	2100.000000	43693233.333333

dot_prod_SSE_f48.txt
9200.000000	8284.000000	8600.000000	2993066.666667

magnitude_SSE_double.txt
2200.000000	2020.000000	2100.000000	177500.000000

magnitude_SSE_f48.txt
6600.000000	6152.000000	6400.000000	1644266.666667

max_SSE_double.txt
2100.000000	2016.000000	2100.000000	176400.000000

max_SSE_f48.txt
8800.000000	8080.000000	8400.000000	2840000.000000

min_SSE_double.txt
2100.000000	2016.000000	2100.000000	176400.000000

min_SSE_f48.txt
8800.000000	8080.000000	8400.000000	2840000.000000

scale_SSE_double.txt
5600.000000	4488.000000	4600.000000	916100.000000

scale_SSE_f48.txt
14500.000000	13020.000000	13500.000000	7397500.000000
