
matrix_vector_mul_double_nonSSE.txt
52500000.000000	50188000.000000	52300000.000000	109331933333333.328125

matrix_vector_mul_double_v1.txt
32000000.000000	30524000.000000	31800000.000000	40445233333333.335938

matrix_vector_mul_double_v2.txt
621300000.000000	51972000.000000	28550000.000000	14109071266666666.000000

matrix_vector_mul_f48_loopunroll.txt
144700000.000000	31588000.000000	23600000.000000	947214433333333.375000

matrix_vector_mul_f48_nonSSE.txt
203600000.000000	195324000.000000	203500000.000000	1655887733333333.250000

matrix_vector_mul_f48_v1.txt
38400000.000000	36644000.000000	38200000.000000	58287566666666.664062

matrix_vector_mul_f48_v2.txt
20200000.000000	19288000.000000	20100000.000000	16158600000000.000000

binsize
100000
