
matrix_vector_mul_double_nonSSE.txt
13300000.000000	12588000.000000	13100000.000000	6881933333333.333008

matrix_vector_mul_double_v1.txt
8200000.000000	7788000.000000	8100000.000000	2633600000000.000000

matrix_vector_mul_double_v2.txt
7500000.000000	7168000.000000	7500000.000000	2232266666666.666504

matrix_vector_mul_f48_loopunroll.txt
6300000.000000	5988000.000000	6200000.000000	1558600000000.000000

matrix_vector_mul_f48_nonSSE.txt
50600000.000000	48468000.000000	50500000.000000	101963933333333.328125

matrix_vector_mul_f48_v1.txt
9700000.000000	9156000.000000	9500000.000000	3642566666666.666504

matrix_vector_mul_f48_v2.txt
5200000.000000	4924000.000000	5100000.000000	1055233333333.333374
