3639907
3147585
3055080
3076808
3031478
3032768
3050415
3031770
3056258
3035302
3031545
3062077
3030967
3077565
3051165
3031050
3052777
3061687
3034657
3366173
3032280
3074445
3032610
3031485
3086145
3030667
3057555
3231367
3030908
3065917
3032242
3031087
3076050
3032415
3049470
3040380
3034477
3065273
3031035
3051645
3031778
3032243
3116498
3082155
3031718
3055710
3041918
3049717
3037073
3068242
3051525
3031890
3056910
3108855
3055080
3060900
3030667
3031245
3051923
3032700
3096443
3031973
3031628
3070988
3063045
3031688
3055545
3032940
3049905
3060300
3030652
3066382
3034560
3075127
3032483
3071580
3054113
3058237
3031792
3053580
3052942
3051503
3971273
3067980
3032092
3050925
3049425
3030353
3058545
3049373
3037515
3048525
3030150
3035827
3063585
3059033
3031357
3057270
3031305
3052665
