6264465
3305903
3408270
3280343
3209722
3281580
3233040
3263843
3209782
3207660
3230063
3209513
3232980
3406838
3416640
3436935
3208553
3248655
3210015
3209423
3230130
3237308
3247710
3209933
3684315
3209243
3208410
3244778
3210330
3322860
3229313
3243698
3271193
3209115
3259020
3211440
3209543
3246892
3208013
3230175
3211207
3208665
3288570
3208770
3233235
3208688
3243525
3208860
3369285
3233685
3209048
3245430
3208650
3233340
3233640
3210885
3247583
3209070
3208988
3654518
3209190
3241050
3209895
3208875
3227842
3207075
3282173
3206992
3231495
3209130
3207930
3458115
3208387
3228758
3207375
3208050
3232358
3209482
3227145
3477158
3207983
3259313
3253118
3257625
3210210
3208440
3229703
3209550
3226522
3241958
3207075
3226028
3233303
3273713
3245273
3230213
3209978
3208185
3227010
3208912
