2411693
1782072
1772526
1775148
1785273
1778475
1772625
1773726
1775526
1782552
1760256
1765281
1766421
1772127
1775052
1772616
1782447
1776324
1780533
1779375
1770066
1780509
1770540
1792212
1764900
1767885
1791948
1780218
1776171
1779975
1772625
1775835
1777449
1782501
1764741
1770891
1798998
1769193
1775586
1768359
1770312
1789194
1768380
1768044
1778772
1783155
1768743
1775340
1777461
1762809
1791279
1762851
1768701
1773468
1786383
1779444
1791858
1772133
1775091
1779522
1768143
1779525
1778421
1784766
1763532
1775706
1770369
1782150
1787910
1775397
1789860
1770876
1790733
1768704
1783194
1773690
1783284
1771227
1763274
1758744
1776420
1784442
1771308
1769586
1778157
1789011
1767255
1774746
1770213
1777113
1775889
1769754
1768020
1872156
1788096
1760130
1778100
1774416
1771920
1780371
