388982130
387281355
369747540
181714836
181768662
181836951
181918365
325673944
386629748
386318333
263313165
181691292
182267217
292035166
387723517
386366723
386209935
218375312
181975101
181766823
181771461
181655550
188386296
203169627
182298453
181787601
181775268
182691237
181801224
181770420
181732944
181797012
181678335
182662011
181797177
181869903
181782270
181722894
182690952
181680444
189936771
182141622
181906542
183172581
314446668
386463503
376053473
181685886
181764141
181749354
182188200
181774959
182701473
181744191
190814844
183132162
181767564
213922731
387239205
386677980
363101592
344928936
352347862
401836440
387219990
393645128
389509328
386414415
255677048
181999089
182131122
182057523
182063259
182730633
211344786
391858050
312592469
337025040
390719115
352002723
181849557
181966170
181971435
181676736
181683423
182793777
181834113
181873707
181797522
182116215
182805942
181846593
181900962
181982565
181878366
181754907
182812434
181775796
181919652
181918083
