0.748568
0.757242
0.670183
0.63911
0.630195
0.577932
0.637481
0.609437
0.620106
0.67104
0.682152
0.724424
0.772231
0.781014
0.776702
0.788562
0.786645
0.793518
0.782419
0.77624
0.793275
0.763712
0.782535
0.78919
0.782476
0.756737
0.782302
0.791126
0.785135
0.7781
0.78775
0.783387
0.789231
0.787785
0.786672
0.794022
0.781551
0.781327
0.784885
0.78939
0.787701
0.764053
0.776267
0.776869
0.775794
0.790011
0.789104
0.776016
0.795083
0.782089
0.771567
0.782344
0.789113
0.771413
0.785385
0.787777
0.780475
0.787969
0.768249
0.790284
0.77962
0.782278
0.781167
0.784646
0.787398
0.77863
0.786499
0.788877
0.780816
0.78401
0.792834
0.778659
0.783396
0.795099
0.773005
0.787632
0.792435
0.779717
0.795155
0.791114
0.789527
0.791771
0.784608
0.788853
0.7893
0.783443
0.79176
0.786431
0.782469
0.782925
0.74507
0.776016
0.791344
0.779049
0.790077
0.784134
0.784215
0.788049
0.784526
0.782188
