0.712953
0.588127
0.568071
0.532506
0.629687
0.60413
0.645209
0.643885
0.645743
0.610402
0.673682
0.713489
0.687719
0.739106
0.793361
0.79937
0.801981
0.799301
0.802188
0.802509
0.80095
0.808109
0.80292
0.801541
0.800032
0.807161
0.798589
0.812044
0.810705
0.809772
0.804706
0.813858
0.812697
0.818575
0.816089
0.818792
0.810711
0.810585
0.812006
0.811555
0.774348
0.805297
0.810092
0.807902
0.814105
0.807402
0.810761
0.814638
0.811273
0.810597
0.816234
0.812715
0.808627
0.819609
0.806572
0.806167
0.809851
0.805809
0.81288
0.816407
0.810234
0.819396
0.818256
0.820709
0.809663
0.823245
0.812998
0.818974
0.766823
0.80929
0.818971
0.813744
0.815926
0.813346
0.814874
0.815133
0.809073
0.817303
0.819309
0.815995
0.819616
0.809729
0.814492
0.8103
0.815739
0.822543
0.820623
0.813416
0.815639
0.806196
0.814729
0.818375
0.819241
0.814068
0.815563
0.800192
0.817374
0.806333
0.814458
0.809986
