8760
8676
8692
8680
8692
8700
8672
8652
8652
8652
8680
8668
8676
8676
8676
8656
8652
8656
8700
8668
8692
8672
8692
8672
8664
8652
8652
8696
8664
8672
8656
8668
8660
8688
8656
8668
8688
8688
8652
8676
8652
8688
8672
8668
8700
8728
8860
8656
8676
8668
8648
8672
8660
8672
8660
8688
8652
8680
8656
8676
8672
8672
8696
8692
8680
8656
8668
8664
8676
8652
8664
8676
8672
8656
8652
8668
8636
8644
8672
8644
8648
8684
8692
8644
8660
8652
8668
8660
8652
8660
8652
8652
8664
8668
8664
8696
8680
8664
8680
8660
