8980
8700
8652
8644
8640
8648
8644
8644
8644
8644
8644
8640
8660
8660
8688
8664
8684
8696
8660
8680
8684
8708
8656
8676
8676
8680
8716
8644
8644
8644
8644
8640
8664
8640
8648
8640
8668
8640
8676
8652
8708
8672
8688
8764
8724
8688
8720
8668
8704
8708
8696
8684
8680
8688
8720
8728
8688
8704
8684
8684
8716
8680
8672
8708
8712
8668
8668
8700
8728
8692
8692
8704
8676
8664
8688
8684
8672
8668
8688
8676
8668
8692
8700
8684
8708
8684
8668
8872
8664
8696
8704
8704
8692
8680
8688
8700
8664
8700
8664
8680
