0.565561
0.630271
0.663977
0.650852
0.642802
0.650449
0.649469
0.628525
0.656391
0.652271
0.662232
0.618671
0.641814
0.639908
0.642209
0.660363
0.628373
0.644531
0.657076
0.633154
0.672673
0.657099
0.641745
0.492774
0.638431
0.656012
0.641566
0.609718
0.644867
0.653363
0.647368
0.648024
0.647273
0.652042
0.643511
0.662406
0.653076
0.647325
0.654367
0.653759
0.651786
0.642803
0.643877
0.638426
0.648879
0.657835
0.662377
0.655172
0.633178
0.643178
0.649586
0.661818
0.655811
0.658427
0.662879
0.664116
0.633588
0.64688
0.664639
0.657273
0.477968
0.625
0.654834
0.651181
0.625
0.642424
0.667667
0.64759
0.648318
0.651819
0.649163
0.646532
0.647148
0.664657
0.661435
0.660837
0.639396
0.495575
0.446018
0.448194
0.424081
0.445906
0.482143
0.43625
0.432177
0.561025
0.626947
0.64374
0.659591
0.629376
0.493026
0.447736
0.406161
0.422592
0.400114
0.449656
0.434263
0.398143
0.411523
0.553735
