0.12689
0.354868
0.324261
0.361753
0.397167
0.471765
0.435003
0.318311
0.38049
0.491136
0.47752
0.587814
0.535309
0.603253
0.619649
0.63737
0.628887
0.618041
0.626005
0.650311
0.632128
0.621511
0.625086
0.628751
0.630587
0.635088
0.62719
0.618017
0.623513
0.625087
0.503817
0.500628
0.616
0.488861
0.634877
0.486434
0.408671
0.419977
0.449483
0.410653
0.449885
0.418966
0.40177
0.440223
0.519626
0.602453
0.620887
0.601677
0.603667
0.625425
0.619777
0.610601
0.611384
0.6201
0.598858
0.404369
0.402576
0.427278
0.446377
0.387744
0.372183
0.383343
0.378641
0.402459
0.417871
0.482028
0.612409
0.620144
0.594294
0.637883
0.629938
0.631541
0.623219
0.630994
0.626155
0.639583
0.622318
0.590784
0.619679
0.611072
0.611378
0.626794
0.62069
0.630769
0.633978
0.616521
0.605461
0.613793
0.584368
0.621453
0.62807
0.638947
0.630844
0.630694
0.624644
0.627001
0.628953
0.623377
0.630769
0.626741
