8692
7900
8148
7908
8172
8040
7960
7980
8008
7948
7968
7880
7928
8016
7980
7888
7924
7936
7912
7992
7908
7948
7904
7916
7876
7980
7876
7924
7936
7988
7864
7888
7960
8004
7908
7956
7904
7892
8160
7916
7892
7960
7984
7968
7896
7864
7884
8020
7948
7960
7944
7992
7952
7924
7888
7948
7900
7984
8012
7968
7900
7936
7916
7904
7860
7956
8000
7936
7932
7948
7900
7932
7872
7888
7972
7860
8012
7964
7960
8012
7932
7868
7908
7912
7896
8000
7880
7900
7980
7944
7832
7952
7992
7980
7976
7968
8004
7996
7888
7928
