0.487433
0.396143
0.397034
0.461763
0.325594
0.487572
0.452206
0.431734
0.539189
0.640282
0.638037
0.634529
0.631222
0.415359
0.391939
0.451212
0.624301
0.630303
0.642264
0.639153
0.609737
0.645756
0.60514
0.632263
0.622356
0.644444
0.641221
0.651627
0.645579
0.636572
0.659415
0.643128
0.494216
0.605163
0.635952
0.640416
0.651661
0.635004
0.639441
0.632201
0.633333
0.593774
0.620349
0.628949
0.621085
0.617801
0.613077
0.621485
0.628399
0.633982
0.627837
0.444927
0.440294
0.420959
0.606156
0.645531
0.636502
0.634164
0.634488
0.642379
0.592796
0.635053
0.661982
0.621315
0.642058
0.632777
0.654079
0.540577
0.489506
0.631053
0.483301
0.625477
0.481812
0.390313
0.422045
0.429216
0.394406
0.440395
0.319286
0.331473
0.38948
0.325216
0.377031
0.401263
0.420306
0.538563
0.576019
0.628973
0.65819
0.648121
0.653166
0.641524
0.645066
0.641425
0.630644
0.623386
0.647653
0.660941
0.651301
0.651694
