0.716552
0.643084
0.642693
0.661304
0.575319
0.701187
0.703223
0.648196
0.764168
0.829169
0.828056
0.82939
0.825937
0.667783
0.6529
0.730478
0.82877
0.820964
0.82938
0.825417
0.821512
0.833707
0.822607
0.827702
0.819327
0.827975
0.820888
0.8336
0.833406
0.824501
0.83294
0.833592
0.727202
0.820568
0.823138
0.827102
0.827903
0.828353
0.825762
0.82044
0.827742
0.8136
0.827766
0.823377
0.827774
0.821448
0.831983
0.825449
0.829687
0.827978
0.824957
0.677904
0.719114
0.666413
0.824786
0.822227
0.830481
0.826155
0.82415
0.829005
0.813799
0.833155
0.831592
0.829749
0.830339
0.832854
0.835308
0.744093
0.704957
0.822833
0.734678
0.823001
0.706087
0.614792
0.608173
0.670995
0.617075
0.643045
0.599575
0.588899
0.652431
0.593164
0.653278
0.649391
0.707969
0.772014
0.802731
0.824663
0.8261
0.81156
0.824261
0.830294
0.819701
0.822473
0.819133
0.813727
0.819507
0.825356
0.823782
0.819586
