8104
6596
6684
6596
6644
6668
6644
6572
6528
6676
6636
6580
6472
6564
6624
6648
6568
6732
6664
6504
6536
6560
6576
6624
6680
6688
6652
6540
6604
6464
6544
6592
6572
6640
6716
6572
6500
6604
6592
6616
6564
6584
6608
6868
6572
6548
6576
6624
6556
6580
6568
6584
6584
6548
6548
6668
6616
6636
6496
6668
6748
6636
6528
6620
6636
6784
6556
6596
6484
6744
6736
6636
6564
6652
6644
6608
6740
6748
6720
6676
6684
6624
6516
6588
6576
6736
6596
6556
6600
6568
6580
6688
6572
6632
6580
6560
6616
6536
6548
6536
