0.540147
0.568671
0.551065
0.595202
0.627741
0.66354
0.627044
0.541625
0.641695
0.736827
0.705051
0.784028
0.715786
0.790956
0.798904
0.797261
0.801752
0.801044
0.79833
0.806591
0.803085
0.800709
0.794985
0.797662
0.79545
0.797695
0.797192
0.794811
0.798714
0.798193
0.710319
0.680476
0.802703
0.703528
0.789841
0.708761
0.624314
0.626489
0.622416
0.628575
0.693448
0.630154
0.629743
0.675784
0.73928
0.783329
0.783391
0.784021
0.792252
0.797489
0.785304
0.790576
0.79905
0.800589
0.792705
0.641951
0.589881
0.640978
0.668574
0.624448
0.616554
0.626236
0.624482
0.624839
0.681399
0.712413
0.785916
0.78804
0.77554
0.791769
0.787774
0.79201
0.79164
0.79878
0.792454
0.789832
0.791948
0.77842
0.776891
0.786457
0.775895
0.782877
0.788726
0.788284
0.788888
0.78681
0.782848
0.778476
0.788069
0.797907
0.789822
0.796261
0.794521
0.786762
0.791017
0.79536
0.78891
0.789477
0.789273
0.788702
