0.582866
0.638731
0.505036
0.639706
0.495833
0.391548
0.390214
0.42497
0.429098
0.427845
0.449776
0.434194
0.485121
0.626198
0.642336
0.602574
0.613246
0.629388
0.630999
0.615635
0.642913
0.649452
0.633105
0.413685
0.606306
0.617577
0.641347
0.619617
0.629601
0.646237
0.646302
0.664625
0.65035
0.63523
0.638535
0.646605
0.621902
0.619277
0.655939
0.637346
0.632621
0.621729
0.633914
0.632399
0.642245
0.644706
0.660508
0.637072
0.651071
0.634263
0.633971
0.423926
0.427499
0.382456
0.426705
0.427201
0.412141
0.428817
0.431688
0.491814
0.604614
0.637945
0.642636
0.592687
0.631917
0.658615
0.635614
0.6384
0.65534
0.654129
0.64
0.642973
0.630705
0.630048
0.646918
0.620264
0.669323
0.624658
0.649421
0.637431
0.636644
0.633488
0.624013
0.648523
0.625585
0.638889
0.654264
0.632068
0.640249
0.623447
0.648134
0.642379
0.640259
0.660786
0.633791
0.665632
0.646457
0.653313
0.641827
0.657643
