0.771601
0.776696
0.543989
0.520644
0.561407
0.585255
0.603215
0.67451
0.683498
0.62795
0.686218
0.660299
0.794514
0.799437
0.771725
0.802763
0.801013
0.802314
0.798752
0.800472
0.800487
0.799633
0.809271
0.79552
0.804284
0.799121
0.810413
0.803005
0.79124
0.800261
0.80427
0.71873
0.795138
0.80595
0.806251
0.791326
0.804477
0.797259
0.802402
0.80446
0.805386
0.790976
0.804324
0.809535
0.791489
0.805207
0.805441
0.786267
0.801267
0.795908
0.799386
0.800588
0.797196
0.81268
0.804332
0.800411
0.805939
0.808522
0.802844
0.813599
0.801748
0.809691
0.801421
0.677979
0.677778
0.803664
0.795587
0.803889
0.804085
0.801365
0.798575
0.795697
0.813236
0.799685
0.809649
0.795397
0.810596
0.80268
0.798443
0.798889
0.798834
0.809529
0.805292
0.797081
0.813188
0.804754
0.803166
0.803903
0.79916
0.812457
0.80513
0.796716
0.80636
0.807828
0.802377
0.807703
0.796777
0.80259
0.810959
0.80554
