6776
6680
6684
6680
6676
6676
6676
6672
6680
6684
6696
6712
6696
6716
6688
6696
6688
6676
6680
6696
6676
6676
6688
6712
6720
6708
6688
6708
6692
6680
6688
6676
6676
6676
6688
6684
6676
6720
6688
6688
6704
6688
6680
6672
6676
6692
6672
6680
6672
6716
6688
6704
6676
6708
6700
6676
6696
6688
6688
6708
6692
6672
6688
6716
6680
6688
6692
6676
6672
6676
6680
6676
6680
6676
6692
6676
6672
6704
6712
6712
6716
6692
6732
6692
6676
6716
6696
6676
6680
6696
6676
6712
6692
6672
6672
6672
6672
6704
6680
6672
