0.575428
0.629552
0.304078
0.310941
0.329363
0.360911
0.337662
0.475849
0.458048
0.413576
0.438202
0.443081
0.608239
0.642966
0.613602
0.637984
0.620185
0.642583
0.631659
0.644697
0.642534
0.637181
0.633641
0.631893
0.624703
0.634735
0.641583
0.653788
0.598297
0.633028
0.632228
0.51073
0.606609
0.651286
0.644478
0.639969
0.631786
0.625677
0.627997
0.656437
0.65237
0.637422
0.653585
0.644326
0.620349
0.636156
0.645406
0.612878
0.615683
0.635338
0.641623
0.648107
0.64574
0.651711
0.652206
0.649926
0.633409
0.651145
0.649927
0.639844
0.645706
0.653293
0.631255
0.474352
0.474084
0.612698
0.621914
0.638314
0.635945
0.656297
0.645675
0.637548
0.644817
0.637121
0.650538
0.631818
0.627889
0.652861
0.641145
0.632375
0.644444
0.627391
0.617103
0.62675
0.632862
0.635385
0.629658
0.641636
0.646837
0.659142
0.646166
0.628394
0.628983
0.64751
0.625762
0.641221
0.633407
0.639369
0.654079
0.636644
