6464
6300
6328
6304
6332
6300
6328
6304
6312
6304
6312
6316
6300
6316
6328
6296
6320
6300
6300
6300
6304
6320
6300
6304
6300
6300
6300
6312
6316
6300
6304
6316
6304
6300
6304
6312
6304
6312
6300
6300
6300
6300
6308
6300
6328
6304
6300
6304
6304
6304
6300
6304
6300
6300
6304
6300
6304
6308
6312
6308
6312
6316
6316
6332
6328
6320
6312
6316
6304
6308
6304
6300
6332
6324
6312
6304
6316
6300
6320
6300
6300
6316
6300
6316
6312
6312
6300
6316
6324
6300
6300
6312
6316
6316
6300
6320
6300
6304
6300
6308
