0.768392
0.8078
0.712588
0.813722
0.686127
0.601771
0.598739
0.64828
0.658855
0.636029
0.696432
0.690314
0.735835
0.798135
0.811895
0.801717
0.808111
0.806609
0.805606
0.808811
0.80384
0.807641
0.797031
0.736223
0.804879
0.802656
0.80605
0.808804
0.803288
0.805261
0.806081
0.806453
0.811
0.807034
0.80694
0.805745
0.805158
0.800485
0.804653
0.807299
0.798942
0.802587
0.803668
0.800064
0.797322
0.79867
0.815304
0.809559
0.812199
0.805709
0.805286
0.655211
0.652856
0.597175
0.650829
0.649872
0.626677
0.69154
0.691973
0.67345
0.790251
0.798173
0.79913
0.790322
0.799816
0.803668
0.800059
0.797042
0.802409
0.804447
0.802432
0.797305
0.799609
0.795067
0.802943
0.797851
0.804256
0.744922
0.798977
0.795999
0.792181
0.790645
0.788541
0.790493
0.788339
0.79189
0.791425
0.790788
0.795791
0.794315
0.792537
0.781147
0.806071
0.801445
0.798925
0.806237
0.801238
0.798549
0.801914
0.804191
