0.740945
0.770424
0.787635
0.779624
0.782589
0.793784
0.784809
0.784486
0.79296
0.786549
0.786585
0.776435
0.783328
0.787514
0.790421
0.794807
0.788882
0.786523
0.792597
0.788244
0.790398
0.791298
0.787803
0.737842
0.788101
0.786474
0.780187
0.768231
0.79254
0.786639
0.790776
0.785339
0.785133
0.795229
0.791381
0.794624
0.793484
0.789006
0.793938
0.793997
0.794979
0.79054
0.794543
0.76022
0.786505
0.784537
0.791035
0.78356
0.793775
0.792649
0.790694
0.792698
0.786383
0.788804
0.787456
0.789775
0.786463
0.791604
0.789656
0.791969
0.694564
0.779531
0.787921
0.7867
0.78931
0.792125
0.7945
0.786559
0.796821
0.792189
0.792249
0.79188
0.792333
0.791558
0.792733
0.798454
0.781755
0.660368
0.635782
0.63479
0.580327
0.632851
0.677623
0.62109
0.617128
0.740575
0.780937
0.785394
0.783022
0.791548
0.656196
0.63901
0.626897
0.572864
0.584811
0.666219
0.616242
0.620009
0.679122
0.733055
