6628
6264
6268
6268
6268
6272
6268
6268
6272
6268
6272
6276
6268
6268
6268
6268
6268
6268
6280
6284
6268
6268
6276
6268
6276
6264
6300
6268
6268
6268
6268
6264
6268
6268
6268
6268
6268
6268
6268
6284
6268
6272
6272
6268
6268
6268
6268
6284
6272
6268
6268
6272
6268
6264
6268
6284
6268
6284
6268
6280
6296
6272
6268
6288
6268
6264
6268
6268
6268
6272
6268
6264
6272
6276
6268
6268
6272
6268
6268
6268
6276
6268
6272
6272
6272
6268
6268
6268
6268
6268
6288
6268
6268
6268
6272
6272
6268
6276
6272
6268
