0.455907
0.348712
0.324661
0.331535
0.357186
0.327144
0.334831
0.356264
0.344695
0.333768
0.373612
0.421784
0.460119
0.511144
0.613837
0.627309
0.618182
0.644654
0.630659
0.631703
0.60856
0.642023
0.631045
0.656489
0.630757
0.642577
0.589404
0.636291
0.665587
0.648133
0.617314
0.64687
0.634146
0.661392
0.644162
0.643265
0.628226
0.633607
0.646067
0.661824
0.618656
0.614241
0.653139
0.667172
0.631211
0.646967
0.628776
0.649961
0.64486
0.624705
0.623631
0.639104
0.629196
0.644757
0.618297
0.648796
0.627737
0.603531
0.627344
0.637863
0.647059
0.634392
0.63434
0.636796
0.659624
0.641654
0.649123
0.653139
0.628674
0.616233
0.624406
0.662328
0.634184
0.65053
0.659623
0.627668
0.657692
0.639689
0.641347
0.648148
0.668987
0.65035
0.649612
0.637209
0.626073
0.650806
0.664122
0.656275
0.658499
0.649175
0.653788
0.656105
0.655624
0.65763
0.635798
0.637413
0.625899
0.643417
0.629658
0.632148
