0.712466
0.594622
0.656017
0.651111
0.640128
0.605409
0.697131
0.709253
0.69585
0.645766
0.646196
0.759891
0.806509
0.811126
0.807252
0.813031
0.821857
0.798008
0.804821
0.809591
0.821337
0.805339
0.817436
0.814409
0.814224
0.812577
0.814674
0.806798
0.814419
0.810806
0.812266
0.809423
0.818726
0.806183
0.818194
0.813277
0.817664
0.809003
0.820019
0.811814
0.81785
0.814907
0.810445
0.808074
0.815077
0.700929
0.688933
0.817672
0.81225
0.814829
0.811716
0.813926
0.808224
0.813099
0.81215
0.815648
0.812284
0.811409
0.8179
0.810233
0.815988
0.807498
0.815185
0.816189
0.817858
0.822693
0.817297
0.816028
0.817063
0.811786
0.816359
0.81529
0.817367
0.804747
0.805944
0.818905
0.809394
0.81195
0.811606
0.81495
0.815808
0.815802
0.811837
0.812801
0.819313
0.816379
0.81529
0.811237
0.813527
0.807303
0.82357
0.813711
0.806622
0.825226
0.816145
0.808596
0.812734
0.816234
0.822525
0.815745
