0.453271
0.366757
0.410559
0.402855
0.414881
0.381579
0.478731
0.471221
0.431436
0.415525
0.41335
0.542135
0.6392
0.604235
0.638932
0.625899
0.626526
0.586634
0.611424
0.628527
0.642744
0.638183
0.637422
0.625677
0.621069
0.636872
0.63506
0.603583
0.615445
0.620584
0.63524
0.61293
0.630016
0.616852
0.61465
0.602116
0.613854
0.609261
0.636507
0.609425
0.616733
0.638649
0.624603
0.625592
0.635861
0.451381
0.492008
0.633065
0.641304
0.629542
0.629717
0.622506
0.622671
0.632794
0.63876
0.651144
0.630487
0.63481
0.639562
0.648885
0.645657
0.636434
0.636078
0.633205
0.653757
0.642405
0.622611
0.642857
0.643028
0.629952
0.6232
0.651598
0.65142
0.600316
0.633694
0.655251
0.636224
0.650115
0.635104
0.636572
0.622912
0.623223
0.64915
0.66103
0.621894
0.619892
0.628483
0.621961
0.617601
0.619531
0.638281
0.636435
0.609214
0.650943
0.625
0.63178
0.630952
0.64022
0.637579
0.639874
