6384
6272
6276
6276
6280
6276
6292
6276
6276
6272
6276
6276
6280
6276
6276
6276
6280
6276
6276
6276
6288
6280
6304
6272
6288
6272
6288
6272
6272
6272
6296
6284
6272
6292
6272
6280
6276
6280
6292
6304
6284
6276
6300
6272
6276
6288
6276
6276
6272
6272
6276
6300
6280
6276
6276
6276
6272
6276
6296
6280
6272
6276
6276
6272
6280
6280
6276
6296
6276
6272
6272
6276
6280
6276
6292
6276
6276
6292
6288
6288
6272
6272
6276
6276
6288
6296
6272
6280
6284
6276
6276
6276
6276
6276
6276
6276
6272
6276
6272
6276
