0.565861
0.603521
0.50732
0.44997
0.422117
0.402245
0.454651
0.440289
0.423223
0.463848
0.466625
0.54533
0.638382
0.635934
0.642308
0.645818
0.646059
0.646248
0.643128
0.627481
0.653495
0.571217
0.643128
0.640424
0.64066
0.576979
0.651694
0.649924
0.627837
0.643017
0.623777
0.643939
0.637759
0.636571
0.632466
0.646351
0.637379
0.644874
0.634021
0.651022
0.627602
0.633484
0.653061
0.643764
0.640483
0.660863
0.653702
0.668135
0.65184
0.638009
0.644342
0.648792
0.65019
0.642643
0.649199
0.670134
0.661255
0.671429
0.634686
0.62855
0.644195
0.63037
0.649586
0.655224
0.642374
0.644917
0.643017
0.656506
0.632959
0.644231
0.644118
0.656342
0.651301
0.632902
0.628897
0.627301
0.637141
0.643293
0.649924
0.635535
0.639035
0.652788
0.650077
0.647909
0.659717
0.637188
0.635962
0.64003
0.638826
0.645522
0.62148
0.635015
0.663677
0.659108
0.643458
0.630712
0.629573
0.634091
0.653699
0.62212
