0.764279
0.753493
0.817138
0.866383
0.864689
0.872707
0.871671
0.867039
0.877864
0.862256
0.858186
0.864116
0.869001
0.844968
0.860938
0.871868
0.871355
0.870475
0.874507
0.869391
0.867554
0.872127
0.870396
0.87296
0.872194
0.873541
0.868289
0.870875
0.861856
0.873851
0.872463
0.875006
0.872365
0.878624
0.870085
0.872811
0.876065
0.877094
0.87642
0.874895
0.875246
0.870701
0.791126
0.855936
0.866223
0.868521
0.877491
0.868669
0.872909
0.876932
0.870609
0.867946
0.870076
0.870908
0.873656
0.874447
0.86829
0.866691
0.870844
0.874347
0.871073
0.875125
0.871971
0.874645
0.869194
0.81551
0.742665
0.873729
0.871771
0.829034
0.880501
0.882922
0.884739
0.884383
0.880631
0.887654
0.885227
0.891262
0.883946
0.884798
0.885521
0.889916
0.886714
0.874288
0.857149
0.869627
0.863524
0.862772
0.863375
0.869678
0.867493
0.865758
0.870576
0.876022
0.859512
0.86504
0.868388
0.847288
0.862
0.849537
