0.584172
0.569092
0.585264
0.694611
0.677155
0.705462
0.700844
0.710459
0.717017
0.698764
0.7
0.685494
0.68932
0.708494
0.714918
0.717254
0.711854
0.701948
0.712524
0.697535
0.698875
0.550468
0.66887
0.701686
0.700777
0.69473
0.701031
0.713665
0.708174
0.701105
0.703583
0.711985
0.711347
0.706258
0.703488
0.706796
0.690554
0.673684
0.701323
0.690013
0.693891
0.711392
0.715556
0.705351
0.695282
0.705236
0.707663
0.70443
0.700197
0.701349
0.706591
0.694642
0.68111
0.686508
0.693044
0.710942
0.704939
0.706452
0.69377
0.697539
0.699098
0.692954
0.686684
0.694481
0.69414
0.687216
0.684071
0.693538
0.693204
0.711281
0.682062
0.698506
0.705169
0.700387
0.67979
0.700649
0.689833
0.709948
0.693664
0.685847
0.68643
0.695817
0.668203
0.711001
0.699115
0.706339
0.694348
0.713545
0.69772
0.712814
0.704153
0.697856
0.713662
0.703656
0.682415
0.706298
0.724483
0.712112
0.716157
0.714375
