4816
4376
4448
4384
4452
4408
4372
4392
4364
4364
4392
4372
4404
4372
4380
4404
4348
4348
4380
4384
4384
4524
4384
4420
4436
4376
4412
4400
4372
4388
4392
4392
4396
4384
4396
4384
4404
4472
4392
4392
4412
4388
4364
4420
4364
4368
4380
4388
4380
4364
4404
4400
4376
4396
4372
4404
4388
4384
4388
4372
4412
4372
4368
4376
4412
4384
4372
4432
4376
4416
4384
4376
4404
4388
4400
4388
4408
4396
4416
4400
4384
4384
4420
4392
4380
4364
4400
4380
4412
4408
4404
4408
4384
4416
4396
4368
4384
4388
4388
4416
