0.742413
0.684436
0.676612
0.806745
0.772514
0.808909
0.809849
0.813369
0.812018
0.810479
0.813713
0.811836
0.808973
0.809682
0.813152
0.810939
0.813752
0.815634
0.816744
0.81969
0.813375
0.713981
0.801166
0.813435
0.815394
0.814638
0.813797
0.816288
0.810408
0.815636
0.819038
0.810593
0.813846
0.809968
0.816672
0.817152
0.81071
0.79781
0.815212
0.812806
0.805312
0.810836
0.811135
0.812439
0.813606
0.817889
0.811938
0.81037
0.806111
0.813009
0.808937
0.816799
0.809273
0.812617
0.809037
0.804766
0.810741
0.809421
0.810327
0.814739
0.808074
0.807885
0.806356
0.812853
0.807569
0.816465
0.809332
0.808153
0.807528
0.809978
0.804979
0.810691
0.809741
0.806701
0.806514
0.806373
0.803603
0.81336
0.809362
0.81142
0.816094
0.812616
0.808
0.804703
0.812896
0.814012
0.765368
0.813464
0.799363
0.809916
0.807395
0.809772
0.807619
0.810042
0.809503
0.809944
0.814331
0.812099
0.808752
0.815545
