0.469155
0.488874
0.544355
0.624598
0.629071
0.640386
0.616417
0.640807
0.653418
0.631128
0.617785
0.61882
0.633671
0.645137
0.622553
0.631944
0.630159
0.635665
0.625389
0.641104
0.636012
0.641167
0.620496
0.603434
0.632458
0.638315
0.651456
0.644134
0.6146
0.661479
0.642968
0.642251
0.658159
0.648419
0.645455
0.634526
0.635303
0.641005
0.638998
0.645899
0.664062
0.640212
0.505731
0.610675
0.618182
0.637998
0.642746
0.624125
0.650388
0.650344
0.640031
0.650425
0.622522
0.623397
0.616706
0.66309
0.640613
0.641465
0.644479
0.62055
0.648148
0.648177
0.638824
0.635647
0.643077
0.611614
0.492019
0.641087
0.638955
0.580282
0.633094
0.644956
0.647673
0.646341
0.641886
0.648475
0.655036
0.6563
0.643436
0.656274
0.616393
0.650564
0.630137
0.645187
0.603759
0.633545
0.634127
0.618859
0.620746
0.607636
0.622349
0.62728
0.638889
0.638414
0.606715
0.60452
0.633936
0.631083
0.631037
0.593543
