13784
13496
13596
13528
13504
13500
13496
13520
13564
13592
13504
13544
13540
13516
13548
13484
13564
13460
13444
13592
13556
13532
13580
13592
13540
13560
13520
13484
13524
13544
13544
13548
13508
13472
13496
13496
13564
13460
13460
13496
13520
13500
13504
13508
13544
13492
13512
13504
13488
13456
13556
13452
13584
13516
13532
13548
13480
13536
13548
13484
13580
13560
13524
13504
13532
13548
13592
13520
13564
13556
13492
13504
13532
13580
13532
13460
13480
13592
13524
13504
13552
13528
13568
13460
13580
13612
13608
13536
13584
13596
13532
13548
13496
13500
13488
13560
13520
13560
13480
13500
