0.553262
0.564246
0.569585
0.576959
0.600357
0.582721
0.567543
0.58326
0.583405
0.531731
0.534156
0.578848
0.576923
0.582956
0.581717
0.581586
0.574109
0.562677
0.587097
0.553453
0.578512
0.596774
0.590744
0.566073
0.566163
0.560074
0.58209
0.561694
0.56382
0.574586
0.577452
0.570632
0.576214
0.582185
0.556384
0.57646
0.561594
0.585116
0.558466
0.541628
0.581567
0.575701
0.562674
0.587258
0.596975
0.563291
0.55618
0.56933
0.561531
0.579414
0.591689
0.598911
0.587347
0.577982
0.581885
0.542404
0.570144
0.56292
0.585952
0.573636
0.574745
0.592259
0.604714
0.586055
0.557143
0.565014
0.588451
0.587037
0.566507
0.591288
0.590909
0.581681
0.565504
0.581142
0.574788
0.567542
0.611787
0.578199
0.580707
0.578652
0.54419
0.548298
0.572642
0.561694
0.600181
0.571025
0.562212
0.586815
0.59116
0.58349
0.591837
0.591652
0.580705
0.603978
0.582407
0.581031
0.55452
0.572212
0.574702
0.565097
