0.742585
0.76989
0.781345
0.780181
0.78216
0.780305
0.778639
0.783026
0.765051
0.775726
0.777618
0.782764
0.786417
0.785422
0.788275
0.788878
0.784954
0.786095
0.788238
0.783736
0.789293
0.784489
0.778304
0.78475
0.786111
0.785655
0.78428
0.779534
0.782699
0.786285
0.777977
0.78401
0.747882
0.785116
0.787222
0.791318
0.788734
0.78448
0.789526
0.783929
0.79387
0.792461
0.783383
0.78583
0.788016
0.783343
0.785114
0.782046
0.788735
0.782483
0.787068
0.78432
0.795144
0.784421
0.784343
0.783584
0.764506
0.784266
0.78355
0.783899
0.789948
0.784079
0.782931
0.780597
0.788068
0.78016
0.78591
0.782429
0.78751
0.783347
0.785619
0.785428
0.783674
0.785123
0.779006
0.775868
0.790569
0.775218
0.788787
0.781649
0.74688
0.779113
0.791193
0.784016
0.788051
0.787539
0.786414
0.786378
0.782999
0.785063
0.783625
0.783002
0.786732
0.780926
0.781293
0.777505
0.781679
0.788097
0.788309
0.781202
