1572
1280
1292
1292
1292
1288
1292
1296
1292
1292
1296
1292
1292
1296
1292
1292
1276
1276
1280
1276
1276
1280
1280
1280
1276
1276
1276
1280
1292
1292
1292
1292
1292
1292
1300
1276
1292
1292
1292
1292
1288
1292
1292
1292
1292
1284
1292
1316
1288
1292
1292
1292
1292
1296
1292
1292
1288
1296
1352
1292
1292
1292
1288
1292
1296
1292
1292
1284
1292
1288
1280
1280
1296
1292
1288
1292
1292
1292
1288
1296
1292
1280
1292
1292
1292
1276
1276
1276
1280
1276
1284
1284
1280
1296
1292
1292
1292
1280
1292
1296
