0.553122
0.55948
0.543912
0.55132
0.598274
0.590244
0.585603
0.596374
0.573982
0.573835
0.566372
0.590018
0.594112
0.59045
0.594959
0.585145
0.593525
0.590949
0.599819
0.578512
0.600358
0.584801
0.616135
0.603825
0.581818
0.577758
0.595217
0.595764
0.574267
0.610912
0.603232
0.588929
0.593078
0.581818
0.592189
0.593607
0.60495
0.589319
0.588181
0.578269
0.589696
0.574468
0.602901
0.611722
0.593692
0.587419
0.58785
0.609248
0.577138
0.595996
0.563153
0.604801
0.608145
0.602041
0.599822
0.575488
0.586937
0.613047
0.603387
0.54112
0.508821
0.592825
0.602791
0.611062
0.583633
0.587912
0.572484
0.566231
0.552309
0.572512
0.557423
0.555144
0.558654
0.608974
0.582243
0.569245
0.609845
0.615665
0.615732
0.615108
0.593636
0.574388
0.581285
0.620782
0.580794
0.594123
0.593002
0.591486
0.579683
0.603336
0.571163
0.566825
0.571963
0.574648
0.580766
0.589862
0.565543
0.612816
0.569811
0.593284
