0.745338
0.775219
0.780384
0.774054
0.779394
0.781176
0.782435
0.785144
0.765415
0.782706
0.78205
0.774979
0.77862
0.779205
0.775724
0.776649
0.782765
0.779518
0.776539
0.78277
0.785571
0.775739
0.773518
0.780965
0.781385
0.766505
0.769795
0.781878
0.779138
0.784727
0.78048
0.782891
0.778532
0.774783
0.782035
0.777698
0.775676
0.772628
0.781976
0.780951
0.775014
0.774373
0.780647
0.780414
0.783475
0.781206
0.7861
0.781873
0.779921
0.7853
0.785279
0.779817
0.780596
0.776652
0.777722
0.783035
0.782608
0.767237
0.77536
0.774614
0.782036
0.782072
0.782738
0.784894
0.779268
0.777067
0.782659
0.781079
0.777298
0.775277
0.779907
0.777213
0.783422
0.776102
0.780455
0.775654
0.782784
0.778826
0.777564
0.777694
0.784396
0.776974
0.740102
0.776577
0.776411
0.786693
0.782251
0.783288
0.783915
0.779184
0.784928
0.784107
0.774879
0.788573
0.782885
0.781394
0.781425
0.786318
0.780055
0.780495
