0.740005
0.76624
0.770835
0.775745
0.781072
0.778442
0.779561
0.783371
0.782746
0.785485
0.750078
0.77461
0.772542
0.783425
0.773082
0.776873
0.775616
0.778803
0.776544
0.776753
0.785346
0.782404
0.77483
0.779979
0.781422
0.777989
0.772126
0.779523
0.778269
0.774546
0.779831
0.779902
0.784348
0.780023
0.778229
0.772452
0.779022
0.783145
0.769925
0.781659
0.78671
0.777194
0.780882
0.779264
0.784307
0.778556
0.776349
0.78254
0.782735
0.779564
0.780334
0.782016
0.778776
0.782296
0.779485
0.771484
0.780967
0.782118
0.778475
0.748302
0.747659
0.782799
0.780434
0.775813
0.774734
0.78216
0.777115
0.779834
0.779498
0.780659
0.778125
0.780821
0.780382
0.784124
0.787512
0.782865
0.784765
0.783852
0.777715
0.778926
0.78355
0.779429
0.778345
0.779406
0.779321
0.777661
0.779008
0.778483
0.774331
0.778339
0.775763
0.77717
0.775681
0.777163
0.779045
0.780204
0.780174
0.783161
0.784696
0.784312
