0.740007
0.779639
0.779391
0.783161
0.782689
0.788309
0.782204
0.778437
0.783001
0.777939
0.748802
0.775917
0.785396
0.778072
0.789593
0.788065
0.793981
0.780649
0.781938
0.781292
0.794479
0.785872
0.77715
0.789455
0.789758
0.79328
0.785969
0.783892
0.793551
0.790356
0.793491
0.78402
0.784877
0.783682
0.772782
0.79056
0.783308
0.781721
0.784972
0.783277
0.786896
0.787154
0.785837
0.781854
0.784246
0.781736
0.782627
0.7859
0.784433
0.785197
0.790407
0.790135
0.791046
0.79088
0.787217
0.779206
0.785823
0.783654
0.749664
0.792237
0.782638
0.78644
0.79059
0.789072
0.783407
0.784859
0.786432
0.790358
0.788379
0.790086
0.783849
0.787634
0.783559
0.791617
0.787217
0.786422
0.794025
0.790165
0.789761
0.782875
0.787075
0.790291
0.772677
0.784049
0.788552
0.784957
0.786255
0.791031
0.781109
0.784392
0.7835
0.781976
0.787163
0.783936
0.785316
0.78962
0.782629
0.788702
0.789151
0.787313
