0.557093
0.571295
0.591155
0.575092
0.615799
0.604278
0.614828
0.57667
0.572926
0.586716
0.590395
0.588073
0.611996
0.581308
0.572333
0.562327
0.60221
0.606557
0.576503
0.617329
0.59482
0.583794
0.604021
0.578947
0.611418
0.594086
0.558333
0.592287
0.567001
0.616983
0.628159
0.603336
0.609734
0.584404
0.587315
0.590239
0.584629
0.588341
0.605978
0.576748
0.609248
0.606601
0.608
0.607843
0.603033
0.596014
0.603774
0.620444
0.609306
0.624
0.622182
0.581735
0.611796
0.591115
0.605027
0.605124
0.628801
0.62069
0.583486
0.594281
0.603203
0.602324
0.5819
0.603636
0.612061
0.573651
0.61267
0.611754
0.586269
0.592357
0.600901
0.590826
0.58881
0.581331
0.583176
0.603321
0.593437
0.551233
0.613191
0.585569
0.582947
0.6
0.542069
0.586142
0.574839
0.582117
0.61552
0.607685
0.610612
0.611993
0.578899
0.584087
0.611307
0.61325
0.564738
0.608108
0.596396
0.588889
0.586897
0.585009
