1444
1316
1336
1332
1328
1352
1328
1316
1540
1324
1340
1344
1336
1336
1344
1336
1336
1336
1336
1568
1336
1336
1344
1332
1340
1332
1336
1332
1332
1340
1340
1336
1332
1324
1340
1340
1328
1332
1324
1332
1320
1320
1336
1356
1324
1336
1340
1344
1332
1356
1340
1352
1360
1336
1336
1332
1360
1328
1336
1340
1340
1336
1344
1340
1340
1364
1320
1324
1332
1328
1328
1356
1356
1360
1340
1348
1344
1336
1344
1324
1372
1324
1316
1340
1328
1324
1324
1352
1332
1336
1344
1340
1332
1336
1336
1336
1332
1336
1332
1340
