0.665364
0.687423
0.764106
0.755972
0.747062
0.691333
0.673197
0.712798
0.723747
0.715122
0.75778
0.788812
0.712778
0.781387
0.730264
0.762201
0.788938
0.712649
0.783172
0.723183
0.75971
0.777643
0.78963
0.78624
0.776128
0.786641
0.757371
0.787418
0.788835
0.790792
0.780077
0.787684
0.784656
0.787496
0.757152
0.782356
0.781555
0.779149
0.786193
0.748492
0.728939
0.692582
0.651612
0.78416
0.692433
0.65567
0.785247
0.69763
0.652735
0.786554
0.697121
0.654965
0.789827
0.695084
0.655118
0.790655
0.694594
0.643911
0.719466
0.639854
0.650855
0.78682
0.697116
0.655311
0.781565
0.693329
0.648288
0.78447
0.695859
0.651851
0.788009
0.694431
0.652236
0.787863
0.692861
0.651273
0.712296
0.622028
0.652521
0.714315
0.694151
0.652946
0.785551
0.699293
0.658239
0.786138
0.69278
0.654079
0.789186
0.699048
0.65474
0.783252
0.688194
0.652004
0.78914
0.695985
0.655833
0.786244
0.695383
0.652084
