0.109185
0.341552
0.448221
0.320274
0.380469
0.432452
0.530207
0.46113
0.392829
0.441579
0.58167
0.589947
0.612875
0.622951
0.636749
0.62072
0.635017
0.600529
0.633131
0.61048
0.601959
0.616548
0.633011
0.628963
0.637221
0.629273
0.511456
0.526643
0.587114
0.630113
0.591486
0.611599
0.549822
0.613616
0.561779
0.607111
0.610256
0.550131
0.61296
0.61752
0.602875
0.626506
0.5292
0.612762
0.536503
0.622625
0.542332
0.531028
0.611454
0.548228
0.5315
0.618387
0.552523
0.593918
0.576553
0.56563
0.597161
0.558197
0.619048
0.588287
0.538394
0.590179
0.563228
0.60195
0.591959
0.526627
0.597161
0.502919
0.533698
0.617284
0.637719
0.642114
0.603402
0.58431
0.601739
0.436766
0.608319
0.54798
0.597309
0.632846
0.600358
0.641944
0.6236
0.623822
0.625
0.583042
0.582137
0.556046
0.640207
0.561375
0.613393
0.592373
0.54473
0.618294
0.560717
0.60556
0.608153
0.560619
0.601569
0.535211
