2068
1532
1228
1220
1224
1220
1200
1200
1212
1212
1220
1192
1224
1204
1200
1188
1208
1228
1220
1212
1204
1212
1196
1196
1196
1204
1212
1228
1200
1220
1240
1192
1192
1204
1192
1220
1224
1220
1200
1212
1204
1220
1220
1204
1196
1204
1216
1212
1220
1228
1212
1188
1196
1192
1196
1212
1208
1424
1200
1196
1216
1196
1220
1196
1228
1200
1212
1208
1196
1212
1192
1204
1240
1196
1208
1220
1204
1260
1224
1212
1196
1204
1220
1216
1196
1204
1204
1200
1200
1212
1204
1204
1196
1196
1216
1192
1204
1200
1208
1224
