0.505612
0.497745
0.544435
0.634641
0.690934
0.707116
0.76891
0.774068
0.770368
0.771932
0.777088
0.774202
0.773856
0.772366
0.778649
0.782963
0.772206
0.782173
0.77699
0.753764
0.779218
0.78078
0.777732
0.776158
0.535738
0.707037
0.60056
0.65522
0.631075
0.608501
0.697165
0.773046
0.622581
0.765925
0.703392
0.772206
0.771162
0.77961
0.782111
0.778353
0.777751
0.784888
0.783468
0.71771
0.698793
0.777895
0.767218
0.776244
0.771823
0.779349
0.753972
0.778254
0.777965
0.77907
0.779157
0.776734
0.769665
0.776491
0.787118
0.701002
0.685055
0.769164
0.781388
0.774056
0.774129
0.709373
0.779482
0.748288
0.774094
0.709119
0.774125
0.727177
0.773598
0.781843
0.773741
0.780632
0.749267
0.774856
0.709487
0.773971
0.778571
0.774621
0.782019
0.777426
0.768589
0.77946
0.775686
0.756262
0.774988
0.782133
0.772201
0.777813
0.77361
0.779119
0.778631
0.774635
0.776957
0.771669
0.786211
0.777101
