0.410501
0.576493
0.580855
0.602655
0.586301
0.597855
0.600729
0.598533
0.577982
0.557536
0.577758
0.61194
0.596364
0.578708
0.582278
0.569757
0.57554
0.573357
0.547118
0.570902
0.597273
0.590222
0.598566
0.588819
0.580258
0.589091
0.565498
0.588018
0.570119
0.591949
0.597309
0.57342
0.587638
0.568934
0.548723
0.567593
0.557765
0.585165
0.572243
0.583962
0.565581
0.584475
0.612335
0.588768
0.577175
0.566004
0.61
0.60496
0.563536
0.559701
0.58552
0.57919
0.585726
0.489051
0.586754
0.603074
0.49373
0.432203
0.453988
0.44385
0.441509
0.457456
0.553252
0.581081
0.511231
0.559581
0.576887
0.574449
0.537719
0.581267
0.558203
0.568006
0.460987
0.543152
0.564174
0.573034
0.571429
0.610108
0.581267
0.610497
0.594086
0.573171
0.56403
0.608696
0.59624
0.60216
0.575868
0.56797
0.584186
0.59457
0.585544
0.593236
0.58167
0.511004
0.462738
0.563071
0.453734
0.545455
0.590265
0.557301
