0.65478
0.628526
0.636729
0.772641
0.777387
0.786028
0.778997
0.780603
0.780843
0.780923
0.775788
0.784394
0.785351
0.781329
0.782852
0.784269
0.780605
0.779991
0.780372
0.784186
0.766807
0.772289
0.775869
0.777801
0.776732
0.777011
0.750265
0.777225
0.707298
0.78045
0.778428
0.777801
0.782397
0.75209
0.780834
0.706921
0.777595
0.786883
0.776951
0.78027
0.753021
0.7763
0.687988
0.647047
0.785896
0.68912
0.647738
0.786155
0.692493
0.649731
0.777039
0.691666
0.718766
0.781099
0.779815
0.782743
0.780112
0.780863
0.783182
0.781036
0.780349
0.781514
0.78073
0.750513
0.779033
0.710132
0.78016
0.780433
0.778022
0.779825
0.753436
0.781187
0.707833
0.782867
0.778245
0.773151
0.780214
0.752242
0.782281
0.711255
0.778467
0.784081
0.778695
0.784136
0.731518
0.780592
0.780096
0.785762
0.782214
0.778431
0.782612
0.777328
0.780666
0.786135
0.782351
0.783915
0.784686
0.775277
0.777748
0.778941
