1356
1084
1084
1088
1084
1088
1088
1104
1104
1104
1104
1104
1100
1104
1100
1104
1100
1108
1100
1096
1108
1104
1104
1100
1100
1104
1100
1104
1100
1100
1088
1132
1124
1104
1104
1100
1100
1100
1100
1104
1088
1088
1088
1104
1104
1100
1108
1096
1104
1104
1104
1100
1104
1104
1100
1104
1092
1108
1092
1096
1112
1104
1100
1100
1104
1104
1132
1104
1104
1096
1096
1104
1096
1088
1084
1092
1088
1092
1088
1136
1084
1088
1092
1108
1088
1092
1108
1104
1088
1092
1092
1104
1096
1104
1104
1100
1100
1100
1104
1100
