0.562604
0.577819
0.577861
0.595608
0.587489
0.591359
0.57774
0.58431
0.593807
0.610659
0.570495
0.555863
0.601272
0.592426
0.58371
0.570772
0.585165
0.569853
0.593694
0.596685
0.575506
0.575893
0.569076
0.570397
0.598182
0.579817
0.576287
0.576427
0.570759
0.582943
0.601463
0.555556
0.611459
0.594041
0.573137
0.613475
0.590164
0.612637
0.612961
0.580146
0.614338
0.591949
0.596878
0.592224
0.586777
0.605357
0.598896
0.568519
0.58958
0.573394
0.601597
0.567642
0.605146
0.607401
0.59676
0.570248
0.564935
0.59657
0.573382
0.579658
0.586777
0.579855
0.60306
0.565954
0.588504
0.589492
0.572788
0.571165
0.581547
0.597403
0.569853
0.584906
0.586679
0.571826
0.587215
0.579473
0.57404
0.601443
0.60495
0.577169
0.596535
0.508881
0.48569
0.555033
0.546555
0.55463
0.580258
0.581333
0.578024
0.605333
0.568556
0.568431
0.558095
0.557762
0.584888
0.575115
0.566697
0.558879
0.58349
0.58209
