0.747231
0.772936
0.786113
0.780295
0.781047
0.780612
0.757502
0.775809
0.782962
0.773486
0.774348
0.770203
0.782558
0.77331
0.776606
0.774841
0.779889
0.778629
0.773475
0.773907
0.782375
0.768948
0.781011
0.769105
0.780117
0.780515
0.77956
0.776576
0.787712
0.780638
0.780128
0.759116
0.779844
0.788089
0.777873
0.790415
0.78415
0.7881
0.791657
0.787436
0.789918
0.78073
0.781554
0.785329
0.786235
0.780049
0.784762
0.786471
0.782695
0.783859
0.783377
0.78195
0.785262
0.786657
0.787714
0.783829
0.775427
0.781891
0.783512
0.777458
0.776337
0.776287
0.783725
0.773083
0.785446
0.773426
0.776901
0.779105
0.783429
0.77631
0.781013
0.776098
0.772865
0.778537
0.778706
0.780318
0.76976
0.782837
0.782195
0.779325
0.757354
0.722008
0.758184
0.775291
0.778314
0.775185
0.786583
0.770724
0.782639
0.774193
0.781407
0.779628
0.778677
0.778056
0.778068
0.779695
0.781393
0.784611
0.78346
0.786058
