0.546233
0.574953
0.593045
0.574702
0.561065
0.571559
0.586111
0.562617
0.559701
0.553991
0.569188
0.574702
0.582943
0.588768
0.549758
0.558769
0.584196
0.543909
0.594096
0.589336
0.61629
0.557316
0.590372
0.553861
0.585185
0.616728
0.607861
0.583099
0.589837
0.613285
0.573953
0.542785
0.538462
0.588626
0.583178
0.57935
0.586957
0.580917
0.609845
0.607699
0.593863
0.611418
0.589054
0.597001
0.596347
0.616387
0.586977
0.593488
0.593078
0.607373
0.586739
0.585687
0.57722
0.610028
0.574745
0.564885
0.583411
0.595588
0.591799
0.578067
0.6
0.592928
0.598122
0.57935
0.583176
0.616788
0.612418
0.59311
0.564772
0.576415
0.587097
0.613971
0.631532
0.6171
0.622243
0.608257
0.606061
0.602344
0.599078
0.571237
0.588022
0.587736
0.581351
0.599281
0.589435
0.605479
0.601098
0.575047
0.580798
0.587139
0.594444
0.569432
0.609174
0.603496
0.589184
0.555137
0.580019
0.581267
0.592453
0.592697
