1900
1340
1268
1284
1264
1268
1264
1264
1264
1264
1264
1264
1264
1264
1264
1268
1264
1256
1260
1256
1256
1256
1256
1252
1256
1252
1256
1260
1260
1256
1276
1252
1256
1252
1256
1256
1256
1260
1252
1260
1256
1256
1292
1264
1264
1264
1264
1264
1264
1264
1280
1284
1264
1264
1260
1260
1264
1264
1264
1264
1260
1260
1268
1264
1264
1264
1256
1260
1256
1260
1256
1256
1256
1252
1256
1252
1256
1260
1260
1252
1260
1256
1256
1256
1260
1252
1256
1256
1256
1252
1260
1256
1256
1256
1256
1256
1260
1256
1256
1260
