0.685337
0.672158
0.692483
0.776689
0.778415
0.78075
0.7797
0.726297
0.773562
0.776339
0.776814
0.781162
0.782383
0.77921
0.780343
0.783037
0.781566
0.775445
0.775814
0.783865
0.781491
0.780085
0.785918
0.78206
0.782169
0.77983
0.783712
0.786045
0.782151
0.78194
0.786532
0.784626
0.784802
0.783056
0.777903
0.786775
0.784318
0.781653
0.779796
0.778167
0.783582
0.789152
0.783068
0.780742
0.778184
0.788886
0.783523
0.780327
0.782979
0.781844
0.784771
0.783736
0.783713
0.780165
0.74921
0.77688
0.776918
0.784871
0.780078
0.783632
0.78016
0.782798
0.782866
0.779463
0.784569
0.781178
0.783978
0.780881
0.779541
0.784117
0.786719
0.782089
0.7846
0.782665
0.783068
0.781913
0.783326
0.767152
0.784189
0.781476
0.781919
0.779514
0.781121
0.781749
0.786975
0.782283
0.780338
0.77913
0.779785
0.776631
0.78725
0.781415
0.777145
0.781213
0.779603
0.781809
0.783235
0.780947
0.77798
0.776857
