0.712929
0.613198
0.769805
0.773975
0.737128
0.781645
0.781141
0.790192
0.784145
0.789731
0.787191
0.789168
0.789456
0.783069
0.787265
0.783998
0.780269
0.790613
0.788649
0.781569
0.789656
0.786931
0.775044
0.71553
0.778294
0.780569
0.778364
0.779756
0.709101
0.779744
0.683626
0.659914
0.660287
0.716401
0.641824
0.664493
0.683341
0.707847
0.776361
0.689837
0.758139
0.780256
0.681943
0.75236
0.778578
0.783812
0.779018
0.783416
0.779812
0.786405
0.783146
0.782016
0.784538
0.785135
0.782079
0.780119
0.78638
0.782914
0.775678
0.776707
0.78949
0.787126
0.78723
0.786418
0.756953
0.781949
0.78557
0.774366
0.779845
0.754321
0.781893
0.710536
0.779571
0.784483
0.77937
0.781022
0.752587
0.781079
0.713266
0.778809
0.785019
0.782424
0.784644
0.75415
0.782881
0.709752
0.75258
0.72216
0.757452
0.789745
0.785431
0.782676
0.778751
0.777253
0.78633
0.782091
0.779752
0.786001
0.786321
0.782569
