0.536245
0.591743
0.609576
0.586996
0.543561
0.588018
0.574954
0.555033
0.550476
0.566885
0.534199
0.550424
0.589154
0.55323
0.586239
0.571826
0.59833
0.582488
0.588556
0.577281
0.592456
0.5878
0.577206
0.595764
0.578558
0.600368
0.563959
0.592391
0.599818
0.578652
0.597135
0.563959
0.615176
0.596685
0.543478
0.596906
0.585097
0.604186
0.589235
0.594096
0.592837
0.59537
0.613907
0.599265
0.586304
0.575213
0.570217
0.568203
0.589601
0.586629
0.593188
0.580855
0.593866
0.582173
0.624667
0.584239
0.612077
0.603791
0.511765
0.593034
0.599823
0.593838
0.57731
0.579091
0.541436
0.588919
0.559743
0.597438
0.586114
0.617726
0.597691
0.582006
0.583567
0.599442
0.579515
0.600909
0.588776
0.596539
0.589253
0.603448
0.572888
0.581633
0.571556
0.56621
0.533842
0.566512
0.596244
0.607339
0.58079
0.583955
0.604566
0.591075
0.589054
0.59717
0.566453
0.60348
0.576395
0.598104
0.595238
0.575304
