0.405383
0.516923
0.55243
0.62259
0.614953
0.629451
0.610586
0.590871
0.58935
0.614447
0.607914
0.62724
0.650087
0.589858
0.650216
0.646048
0.579473
0.588869
0.568857
0.61879
0.623342
0.589154
0.6125
0.597297
0.644007
0.612061
0.61302
0.63
0.615936
0.633636
0.6313
0.649558
0.636526
0.634752
0.613106
0.632763
0.650893
0.611511
0.635398
0.57967
0.606278
0.637004
0.617806
0.619946
0.577338
0.639037
0.641644
0.579909
0.627505
0.612874
0.612171
0.633333
0.640681
0.644325
0.540673
0.603571
0.607595
0.632743
0.627469
0.633011
0.635159
0.61706
0.6287
0.623138
0.633628
0.62128
0.623561
0.610757
0.628571
0.648862
0.64392
0.604938
0.631485
0.60772
0.590383
0.613191
0.631485
0.636519
0.609821
0.616964
0.636283
0.62963
0.619217
0.617174
0.633304
0.602355
0.606143
0.622744
0.604484
0.605787
0.634767
0.597606
0.601671
0.61489
0.584785
0.624101
0.638146
0.627224
0.589041
0.60217
