0.655201
0.653306
0.69997
0.703455
0.706938
0.706235
0.701828
0.743994
0.773658
0.770995
0.774324
0.773291
0.78389
0.774545
0.779225
0.783754
0.784439
0.7823
0.779797
0.782811
0.78049
0.780936
0.78331
0.782562
0.785138
0.783833
0.777124
0.782305
0.786661
0.781829
0.77155
0.769406
0.77624
0.777614
0.782399
0.776415
0.77833
0.774969
0.772086
0.774963
0.776616
0.778144
0.776593
0.773505
0.774476
0.775104
0.771333
0.781807
0.778628
0.779409
0.779523
0.780706
0.779313
0.773566
0.777282
0.771542
0.776667
0.78163
0.774154
0.773363
0.783406
0.78434
0.783132
0.790301
0.784654
0.779395
0.782785
0.784277
0.780907
0.78298
0.780042
0.780306
0.777179
0.784331
0.781678
0.781088
0.778567
0.723245
0.772165
0.77255
0.772647
0.770327
0.775348
0.775249
0.768915
0.773725
0.770835
0.774635
0.773555
0.777143
0.77388
0.770486
0.77636
0.771648
0.765712
0.77158
0.775546
0.77689
0.775678
0.779474
