0.566612
0.45905
0.394716
0.385307
0.526171
0.55033
0.495261
0.44374
0.42903
0.46202
0.527015
0.534072
0.568223
0.644248
0.586331
0.594177
0.6274
0.558534
0.625111
0.632546
0.530345
0.590616
0.620721
0.6
0.602355
0.566981
0.581204
0.596507
0.578848
0.572375
0.588613
0.630415
0.548698
0.57619
0.603131
0.59876
0.631439
0.604839
0.588448
0.575408
0.575071
0.595238
0.582938
0.575022
0.585586
0.521114
0.599453
0.507862
0.510889
0.461474
0.547958
0.520134
0.55605
0.600716
0.541594
0.604297
0.614159
0.556079
0.61121
0.541441
0.608108
0.513443
0.591248
0.591189
0.535615
0.565814
0.622321
0.605546
0.629964
0.610247
0.578195
0.594645
0.58914
0.605761
0.615662
0.589127
0.533777
0.636943
0.585821
0.6
0.578168
0.566089
0.616143
0.568461
0.572761
0.497487
0.578995
0.521044
0.541481
0.58552
0.559423
0.63205
0.574614
0.504125
0.605216
0.550712
0.6121
0.614923
0.53176
0.586784
