0.705849
0.638524
0.578932
0.636236
0.713055
0.757648
0.680712
0.661516
0.660039
0.660966
0.703928
0.690995
0.761099
0.788191
0.780161
0.775464
0.780728
0.756426
0.780062
0.784874
0.765915
0.787816
0.785758
0.783663
0.776037
0.775197
0.784757
0.779173
0.781459
0.774699
0.785952
0.789175
0.778986
0.78365
0.784957
0.78136
0.78591
0.783462
0.784612
0.78137
0.781041
0.787154
0.721173
0.77442
0.779841
0.714033
0.779103
0.681576
0.69844
0.707945
0.772859
0.689471
0.758034
0.784168
0.710952
0.783513
0.785636
0.780491
0.785752
0.757287
0.780651
0.708121
0.786085
0.719134
0.755924
0.783743
0.78085
0.783599
0.780147
0.780795
0.782399
0.779598
0.786164
0.782481
0.783076
0.781503
0.775812
0.786645
0.781284
0.783158
0.780156
0.781644
0.785891
0.779798
0.779833
0.726677
0.780868
0.693275
0.757649
0.780299
0.707475
0.782961
0.725532
0.755144
0.786336
0.709906
0.782589
0.728179
0.760066
0.785924
