0.456652
0.554126
0.484578
0.505297
0.481758
0.470685
0.477824
0.566372
0.609626
0.634866
0.639078
0.650477
0.647009
0.612466
0.606167
0.60424
0.632084
0.643799
0.616279
0.637246
0.619632
0.620018
0.636364
0.639184
0.636282
0.647368
0.59893
0.627193
0.633011
0.626984
0.672788
0.639555
0.590296
0.615179
0.646194
0.62522
0.629046
0.614311
0.588081
0.665821
0.667805
0.637619
0.655232
0.627586
0.649782
0.627948
0.631534
0.663837
0.628523
0.654405
0.63125
0.633621
0.65915
0.656591
0.621107
0.597884
0.630756
0.647826
0.574222
0.600177
0.617908
0.598004
0.629204
0.646905
0.618834
0.583183
0.618018
0.650877
0.621454
0.629791
0.580325
0.615737
0.587591
0.626344
0.620162
0.610603
0.596257
0.58546
0.636364
0.661578
0.628821
0.640982
0.631309
0.643345
0.599127
0.64322
0.653944
0.633131
0.611408
0.629018
0.611015
0.639687
0.662931
0.600174
0.588859
0.624458
0.657439
0.635171
0.625
0.641804
