1880
1320
1324
1340
1332
1316
1352
1320
1324
1336
1300
1300
1312
1316
1324
1300
1308
1316
1316
1304
1328
1308
1332
1320
1328
1336
1316
1316
1336
1320
1320
1332
1320
1328
1328
1320
1332
1320
1316
1320
1316
1320
1320
1316
1312
1320
1328
1332
1336
1332
1296
1316
1328
1312
1336
1300
1328
1332
1332
1316
1328
1336
1340
1352
1352
1320
1332
1316
1320
1316
1328
1320
1328
1328
1324
1328
1316
1316
1300
1296
1316
1316
1336
1324
1316
1408
1312
1304
1316
1296
1332
1308
1316
1328
1328
1316
1316
1300
1296
1296
