2188
1872
1900
1872
1832
1844
1836
1828
1832
1820
1836
1844
1828
1840
1848
1804
1844
1856
1884
1856
1824
1820
1828
1852
1824
1904
1820
1824
1812
1824
1860
1828
1820
1840
1812
1896
1824
1824
1828
1832
1832
1832
1820
1832
1876
1892
1856
1824
1844
1848
1864
1876
1828
1820
1876
1824
1816
1872
1836
1856
1848
1840
1836
1828
1852
1840
1852
1872
1816
1864
1860
1816
1816
1808
1848
1816
1812
1820
1840
1856
1836
1892
1864
1836
1828
1820
1860
1864
1836
1828
1876
1812
1840
1888
1864
1840
1872
1844
1880
1828
