0.529152
0.456994
0.45339
0.572797
0.491356
0.570328
0.448505
0.555342
0.530558
0.534351
0.562619
0.483871
0.541948
0.439662
0.474765
0.464387
0.567327
0.483197
0.568093
0.470093
0.577329
0.561205
0.590103
0.535363
0.587287
0.572927
0.548233
0.575614
0.479148
0.603721
0.585275
0.560953
0.564972
0.565789
0.56872
0.510284
0.575931
0.551694
0.457658
0.546154
0.473328
0.570217
0.578799
0.546875
0.547459
0.459707
0.562378
0.442324
0.573321
0.533215
0.542574
0.578997
0.543893
0.558935
0.476018
0.575581
0.468174
0.567961
0.573308
0.571166
0.548448
0.595527
0.605142
0.593573
0.544316
0.575024
0.499546
0.552606
0.564639
0.577611
0.553314
0.57829
0.598875
0.549133
0.57197
0.576959
0.576108
0.572937
0.583874
0.530156
0.572407
0.548482
0.586077
0.600176
0.56676
0.488246
0.573206
0.482128
0.559078
0.573557
0.554092
0.549001
0.469955
0.583572
0.432584
0.487992
0.533199
0.45014
0.569882
0.477026
