0.662112
0.695394
0.698201
0.763634
0.789599
0.717425
0.782021
0.72713
0.779967
0.789403
0.791386
0.79002
0.790604
0.79443
0.795547
0.798503
0.795134
0.785186
0.797095
0.791706
0.790409
0.794052
0.793827
0.794254
0.795104
0.7931
0.794847
0.793172
0.795665
0.790196
0.793302
0.795123
0.795224
0.798046
0.787795
0.796341
0.795101
0.795999
0.794677
0.734783
0.790995
0.792969
0.791492
0.793193
0.793756
0.79634
0.79236
0.796277
0.789499
0.79361
0.793511
0.792421
0.791238
0.791719
0.796023
0.79258
0.791596
0.793891
0.789249
0.789928
0.79765
0.792095
0.788149
0.796344
0.792527
0.795499
0.799582
0.790422
0.795864
0.791914
0.793261
0.792792
0.795382
0.800145
0.793447
0.796937
0.795964
0.79182
0.724079
0.789183
0.790063
0.789862
0.797434
0.799245
0.762249
0.793582
0.790222
0.789222
0.792469
0.791518
0.790153
0.788685
0.788566
0.795443
0.792824
0.790923
0.793176
0.794457
0.789157
0.792677
