0.345416
0.330281
0.387637
0.357538
0.328911
0.590783
0.518458
0.364884
0.377731
0.444277
0.599823
0.539216
0.398155
0.390102
0.387073
0.430448
0.56546
0.618214
0.615589
0.620264
0.618674
0.600716
0.596745
0.598926
0.602824
0.630837
0.629193
0.601556
0.608167
0.635884
0.610947
0.602283
0.618799
0.600527
0.617544
0.603806
0.621951
0.575514
0.637467
0.598949
0.618548
0.606742
0.603313
0.638605
0.616725
0.641267
0.598792
0.637288
0.611876
0.619948
0.647506
0.651085
0.640638
0.61244
0.621878
0.645676
0.631806
0.597002
0.614853
0.629252
0.61135
0.626392
0.62361
0.629472
0.618674
0.629347
0.61405
0.638627
0.615385
0.642617
0.614853
0.638983
0.623163
0.6465
0.642857
0.613656
0.50271
0.607048
0.551596
0.344964
0.419987
0.425379
0.375584
0.477273
0.497667
0.373393
0.583898
0.507519
0.62141
0.624465
0.58723
0.614769
0.629273
0.641986
0.625659
0.628748
0.632184
0.439878
0.334453
0.365079
