0.576587
0.605415
0.619668
0.613396
0.609166
0.770964
0.682034
0.613915
0.610875
0.700861
0.774088
0.685849
0.610652
0.611055
0.609937
0.644676
0.771903
0.767607
0.766034
0.766446
0.77291
0.770016
0.767279
0.771195
0.768974
0.764354
0.770601
0.772496
0.773736
0.776393
0.722193
0.767524
0.763145
0.768466
0.773354
0.765065
0.770664
0.772832
0.774563
0.76889
0.771926
0.775516
0.77179
0.778835
0.766569
0.766221
0.769932
0.776361
0.766954
0.768732
0.772469
0.770815
0.772498
0.760995
0.770738
0.772127
0.765416
0.766541
0.771147
0.768918
0.769506
0.770192
0.769535
0.769939
0.768254
0.771481
0.770526
0.771091
0.771443
0.767835
0.765026
0.770427
0.769247
0.772594
0.773961
0.770212
0.679953
0.778069
0.673373
0.573256
0.630418
0.65864
0.660269
0.723511
0.690655
0.616714
0.720912
0.723672
0.778518
0.781052
0.775128
0.779308
0.78328
0.782534
0.783833
0.784993
0.753513
0.707827
0.609514
0.612305
