2940
2312
2324
2312
2336
2312
2312
2312
2312
2320
2316
2312
2316
2328
2312
2312
2320
2312
2312
2312
2312
2316
2312
2316
2320
2320
2320
2316
2312
2312
2316
2312
2316
2312
2316
2392
2320
2316
2316
2316
2312
2312
2316
2312
2316
2316
2312
2312
2312
2316
2312
2316
2320
2312
2316
2312
2320
2316
2316
2316
2316
2316
2316
2316
2312
2336
2328
2332
2328
2328
2332
2364
2332
2332
2364
2332
2332
2332
2328
2384
2316
2316
2316
2320
2316
2312
2316
2316
2316
2316
2316
2320
2316
2316
2320
2312
2312
2316
2312
2320
