0.582388
0.575166
0.664161
0.631749
0.58322
0.67301
0.713992
0.777654
0.692212
0.716532
0.738053
0.691575
0.646258
0.779217
0.691524
0.647356
0.77427
0.778998
0.770958
0.777506
0.774626
0.774098
0.775953
0.773359
0.779709
0.773647
0.77284
0.770323
0.78154
0.774139
0.775291
0.756575
0.774808
0.772378
0.768769
0.778901
0.77285
0.774648
0.775024
0.773757
0.77809
0.773386
0.775707
0.774196
0.775925
0.774712
0.774618
0.776932
0.7779
0.779956
0.775406
0.77583
0.778489
0.771316
0.77906
0.770818
0.775759
0.76962
0.772372
0.775039
0.776448
0.776769
0.781088
0.774214
0.784777
0.77624
0.777761
0.730984
0.775416
0.777744
0.774311
0.778522
0.777656
0.768557
0.696469
0.733157
0.784784
0.776949
0.777368
0.777039
0.771917
0.775245
0.773392
0.775362
0.774005
0.774641
0.779998
0.772355
0.772932
0.775875
0.777403
0.774581
0.773
0.773346
0.772467
0.776463
0.778769
0.771556
0.762896
0.772594
