0.735592
0.75931
0.635191
0.651657
0.543633
0.601657
0.669335
0.774001
0.673802
0.572961
0.601969
0.66791
0.611015
0.609276
0.674267
0.762858
0.771282
0.767834
0.772593
0.768354
0.766549
0.758844
0.772226
0.767369
0.690186
0.764807
0.764539
0.764563
0.757629
0.770142
0.770939
0.766286
0.767246
0.773193
0.76718
0.764465
0.765535
0.770113
0.768583
0.770225
0.767028
0.767103
0.765316
0.737119
0.765697
0.770601
0.780447
0.781757
0.78195
0.782133
0.777698
0.780389
0.782851
0.776783
0.784908
0.77583
0.781986
0.772076
0.7719
0.777876
0.777761
0.771201
0.784856
0.779996
0.770486
0.781254
0.757366
0.769028
0.772959
0.781158
0.784478
0.773697
0.777216
0.780011
0.779831
0.777556
0.774464
0.770527
0.777501
0.770187
0.778866
0.778409
0.779624
0.781814
0.774238
0.773293
0.774732
0.778113
0.781406
0.725838
0.774768
0.772501
0.779143
0.774103
0.772946
0.773968
0.781483
0.780944
0.777554
0.768808
