0.453768
0.562023
0.362832
0.40018
0.365297
0.340909
0.336982
0.406046
0.571154
0.358407
0.539282
0.332461
0.398164
0.359969
0.348062
0.289765
0.361973
0.314841
0.374468
0.407939
0.442895
0.411442
0.410142
0.46161
0.463542
0.388179
0.417484
0.46
0.496599
0.390263
0.407583
0.358916
0.407308
0.442029
0.360473
0.348575
0.505005
0.370885
0.404273
0.45424
0.404098
0.321355
0.531157
0.584527
0.567723
0.565465
0.549908
0.540984
0.5635
0.545019
0.541708
0.564797
0.559256
0.549855
0.578605
0.58829
0.569725
0.577735
0.547259
0.573516
0.555246
0.575619
0.582278
0.574369
0.562152
0.541436
0.583333
0.583794
0.574294
0.565381
0.583569
0.583026
0.589627
0.553471
0.560112
0.57265
0.547777
0.546992
0.583111
0.501952
0.535225
0.560115
0.54527
0.560154
0.571845
0.587209
0.593023
0.56526
0.577778
0.568665
0.546784
0.579824
0.555
0.57115
0.532064
0.530876
0.569216
0.567207
0.570029
0.560235
