0.498179
0.347734
0.332713
0.347764
0.391026
0.332646
0.420099
0.527893
0.42937
0.395083
0.435108
0.436097
0.390775
0.531835
0.455104
0.429422
0.483438
0.399337
0.399531
0.5155
0.348869
0.338225
0.47007
0.480801
0.361421
0.412245
0.439589
0.537799
0.386263
0.438415
0.49556
0.320768
0.429038
0.418852
0.437651
0.439614
0.478605
0.524038
0.548539
0.533528
0.534167
0.572603
0.572727
0.564174
0.54878
0.549111
0.56205
0.584
0.56205
0.567299
0.58056
0.525408
0.567231
0.54265
0.534754
0.541209
0.566142
0.56391
0.554637
0.515396
0.541187
0.55625
0.531972
0.577836
0.561511
0.534111
0.58452
0.563003
0.573322
0.562832
0.543478
0.577836
0.530909
0.559367
0.570069
0.556767
0.548187
0.539581
0.566787
0.573427
0.572782
0.551908
0.561656
0.556058
0.561757
0.586667
0.578475
0.532895
0.562786
0.58009
0.547662
0.550926
0.575022
0.546041
0.589512
0.55268
0.566936
0.527829
0.561939
0.546041
