0.714486
0.772373
0.64313
0.657101
0.677422
0.626355
0.612352
0.676764
0.781836
0.614737
0.765653
0.600256
0.660539
0.611568
0.62389
0.608308
0.645134
0.590328
0.705811
0.732436
0.676475
0.672454
0.723826
0.753653
0.691505
0.672494
0.729663
0.753501
0.693141
0.674047
0.63968
0.67226
0.72163
0.695775
0.638238
0.618785
0.752907
0.69086
0.667259
0.712198
0.64632
0.649635
0.762727
0.776137
0.76647
0.773633
0.771857
0.774544
0.766709
0.764381
0.765146
0.769679
0.766623
0.769661
0.767975
0.77987
0.774219
0.772974
0.778214
0.790136
0.767317
0.773908
0.770493
0.775801
0.766989
0.780012
0.781376
0.771991
0.774533
0.772842
0.776294
0.770208
0.770175
0.771918
0.774214
0.776767
0.768659
0.774661
0.777073
0.724709
0.780726
0.782975
0.788301
0.788229
0.790457
0.786993
0.79249
0.789636
0.788252
0.786334
0.784217
0.789456
0.786102
0.788926
0.7864
0.781737
0.787364
0.789033
0.784727
0.786234
