0.317663
0.318246
0.403262
0.345904
0.335234
0.368758
0.43915
0.584087
0.452549
0.408377
0.540565
0.453237
0.365211
0.53937
0.440323
0.371668
0.528613
0.546789
0.566757
0.558989
0.560592
0.571557
0.584991
0.575463
0.563506
0.548448
0.56912
0.552632
0.57261
0.561404
0.579093
0.500746
0.561656
0.56015
0.56676
0.568182
0.57053
0.580501
0.562557
0.563801
0.578565
0.566243
0.567246
0.56
0.58467
0.587611
0.562103
0.547486
0.566123
0.566637
0.565836
0.565378
0.594086
0.580465
0.595064
0.545709
0.582577
0.572207
0.558333
0.565217
0.546742
0.585931
0.548176
0.551756
0.578512
0.573248
0.572603
0.508757
0.56391
0.548121
0.53508
0.551724
0.579892
0.572744
0.539585
0.446414
0.55929
0.577916
0.563187
0.563063
0.546845
0.570111
0.583643
0.552533
0.566055
0.573694
0.570501
0.569736
0.558466
0.569585
0.566453
0.568182
0.584332
0.581417
0.558011
0.562786
0.557638
0.544866
0.576256
0.550792
