1768
1656
1676
1652
1652
1660
1656
1652
1652
1660
1660
1656
1656
1656
1656
1652
1660
1660
1660
1652
1652
1656
1660
1648
1656
1684
1660
1660
1660
1652
1660
1660
1656
1660
1656
1660
1656
1652
1656
1648
1660
1652
1652
1660
1660
1660
1652
1652
1660
1656
1656
1656
1656
1652
1656
1656
1648
1660
1660
1656
1648
1660
1652
1660
1660
1660
1668
1656
1652
1652
1652
1656
1656
1652
1656
1652
1652
1652
1660
1656
1656
1656
1652
1652
1660
1652
1652
1652
1656
1668
1660
1660
1660
1652
1660
1652
1656
1660
1660
1660
