2752
2120
2132
2116
2104
2124
2100
2112
2096
2096
2128
2108
2072
2324
2092
2060
2088
2096
2100
2100
2088
2100
2076
2104
2148
2084
2124
2144
2140
2128
2116
2088
2120
2104
2100
2132
2108
2100
2112
2288
2092
2088
2076
2128
2136
2068
2104
2152
2148
2096
2092
2096
2080
2092
2100
2096
2108
2084
2144
2120
2120
2144
2120
2088
2136
2068
2124
2092
2124
2124
2104
2088
2184
2112
2128
2132
2112
2108
2104
2096
2116
2084
2108
2124
2104
2104
2316
2116
2088
2096
2100
2104
2104
2132
2092
2096
2108
2144
2104
2116
