2560
1888
1664
1876
1676
1668
1676
1684
1672
1676
1668
1688
1668
1692
1680
1684
1664
1672
1668
1688
1720
1680
1672
1672
1676
1676
1688
1672
1680
1668
1684
1676
1668
1680
1684
1680
1704
1688
1664
1664
1664
1668
1664
1704
1692
1664
1668
1664
1684
1692
1692
1692
1680
1664
1668
1684
1688
1672
1668
1680
1668
1668
1668
1672
1680
1676
1668
1680
1684
1744
1692
1688
1672
1684
1684
1684
1668
1680
1692
1664
1668
1684
1676
1692
1708
1668
1716
1676
1672
1672
1680
1672
1680
1680
1676
1672
1668
1672
1672
1672
