0.522349
0.490793
0.540159
0.582507
0.601073
0.596631
0.58885
0.588395
0.535587
0.568015
0.568161
0.559246
0.561215
0.502693
0.564982
0.53394
0.577957
0.562063
0.557363
0.579329
0.513333
0.598743
0.563821
0.546942
0.607792
0.5376
0.598926
0.583111
0.605609
0.576577
0.545068
0.579946
0.507137
0.575104
0.510277
0.586146
0.585561
0.57156
0.596068
0.565178
0.586494
0.53886
0.573382
0.566667
0.562443
0.596962
0.597161
0.569736
0.582117
0.586876
0.570899
0.604219
0.568182
0.58636
0.527354
0.574468
0.53903
0.572451
0.562444
0.533913
0.586957
0.522538
0.588235
0.574742
0.54776
0.582185
0.520695
0.589029
0.538462
0.514236
0.56546
0.578662
0.562956
0.551598
0.588235
0.547553
0.576395
0.502688
0.573105
0.507259
0.56782
0.598533
0.557022
0.596555
0.52139
0.576959
0.578704
0.572605
0.527434
0.59319
0.50634
0.59457
0.585345
0.411674
0.550179
0.606005
0.530629
0.586859
0.559001
0.443631
