0.406992
0.560939
0.511952
0.569837
0.614261
0.753361
0.767667
0.770295
0.775201
0.770607
0.771592
0.771451
0.773036
0.771542
0.779411
0.774426
0.689689
0.775717
0.775447
0.774952
0.703785
0.766639
0.773471
0.774061
0.771462
0.774768
0.780747
0.776184
0.77685
0.777675
0.773581
0.779562
0.778456
0.771691
0.777617
0.778847
0.764493
0.776667
0.774591
0.773617
0.778598
0.777151
0.775613
0.777098
0.776567
0.779304
0.776984
0.779448
0.772838
0.775486
0.777138
0.774704
0.774301
0.775659
0.778698
0.778788
0.778898
0.775365
0.781118
0.775192
0.779808
0.780811
0.780114
0.775417
0.776048
0.777978
0.778106
0.782728
0.780373
0.770467
0.782823
0.776659
0.778754
0.780008
0.777758
0.780638
0.780603
0.779164
0.780818
0.775966
0.777492
0.774084
0.786849
0.782732
0.784343
0.763309
0.778353
0.781923
0.653192
0.563148
0.568483
0.564814
0.603054
0.603391
0.696685
0.700511
0.747812
0.772494
0.773338
0.77686
