0.134909
0.206955
0.290343
0.532599
0.612605
0.509306
0.48548
0.483967
0.410498
0.50755
0.545296
0.598099
0.576655
0.608621
0.610825
0.595708
0.595278
0.6
0.583045
0.578191
0.613752
0.62066
0.607445
0.573995
0.606501
0.484453
0.60733
0.629475
0.616932
0.58769
0.617818
0.607777
0.584404
0.59542
0.606702
0.6105
0.599483
0.599483
0.591574
0.582312
0.59668
0.594167
0.609442
0.604592
0.601688
0.605396
0.578292
0.601852
0.533333
0.588793
0.512617
0.476912
0.450444
0.510989
0.577061
0.51679
0.618167
0.609215
0.565481
0.578993
0.613095
0.537441
0.573414
0.596774
0.550409
0.537351
0.589364
0.59215
0.584192
0.591146
0.534512
0.598452
0.595763
0.595506
0.598115
0.60241
0.600168
0.572807
0.587219
0.542763
0.590121
0.589393
0.59335
0.594968
0.578207
0.59507
0.541107
0.607606
0.536392
0.594216
0.538786
0.544472
0.586882
0.542034
0.582533
0.571192
0.538067
0.588533
0.51498
0.594068
