0.704922
0.776405
0.786271
0.791602
0.789928
0.785886
0.793673
0.790098
0.794215
0.792261
0.783273
0.789366
0.787602
0.777295
0.791698
0.794811
0.788602
0.790611
0.793663
0.789993
0.796411
0.794582
0.792215
0.793545
0.791557
0.792273
0.767796
0.791649
0.740773
0.765121
0.786221
0.784288
0.787931
0.786427
0.782742
0.784249
0.789259
0.781635
0.778175
0.781219
0.784634
0.778616
0.79238
0.773559
0.635953
0.664158
0.713187
0.71146
0.710037
0.699006
0.771025
0.764126
0.776728
0.771459
0.771221
0.768063
0.769696
0.736026
0.776645
0.774995
0.768048
0.767846
0.761997
0.772317
0.770662
0.769752
0.780489
0.778495
0.77315
0.770762
0.775317
0.773453
0.715727
0.651824
0.652296
0.654273
0.650566
0.697409
0.698195
0.71808
0.761734
0.763756
0.764501
0.762922
0.76323
0.763458
0.749917
0.764364
0.761105
0.76316
0.763832
0.768993
0.7624
0.766714
0.76379
0.760236
0.764786
0.757339
0.761445
0.763169
