0.43857
0.363758
0.411938
0.373422
0.386978
0.35026
0.343342
0.336992
0.370251
0.351967
0.56109
0.445046
0.435791
0.526891
0.375
0.468268
0.526703
0.517857
0.54059
0.554217
0.569408
0.554856
0.554545
0.576889
0.576271
0.556691
0.561308
0.562837
0.551259
0.577797
0.590988
0.570676
0.55536
0.566038
0.569788
0.567666
0.573843
0.549038
0.568142
0.565801
0.537615
0.549411
0.55494
0.541942
0.558477
0.556256
0.554681
0.565884
0.555359
0.56029
0.580961
0.537273
0.549591
0.560714
0.564312
0.53643
0.570662
0.5434
0.535811
0.539726
0.564384
0.524209
0.553249
0.529221
0.576623
0.57645
0.565026
0.582399
0.583333
0.577899
0.568935
0.509609
0.525495
0.538742
0.545455
0.566286
0.559216
0.557675
0.573439
0.555354
0.579929
0.558348
0.567616
0.573226
0.572552
0.549232
0.539855
0.562556
0.583186
0.58677
0.539225
0.593503
0.521898
0.552773
0.566972
0.556673
0.572464
0.550136
0.568627
0.565371
