2268
1920
1860
1896
1884
1876
1852
1888
1880
1840
1872
1852
1872
1884
1868
1872
1852
1900
1848
1876
1856
1856
1844
1872
1876
1872
1864
1852
1852
1880
1876
1876
1880
1852
1844
1872
1884
1852
1848
1848
1876
1880
1844
1852
1848
1876
1856
1852
1868
1844
1852
1852
1872
1872
1884
1868
1880
1852
1880
1852
1852
1840
1868
1888
1880
1884
1848
1872
1840
1884
1844
1844
1848
1868
1872
1848
1848
1888
1848
1852
1868
1880
1872
1848
1852
1856
1884
1852
1868
1872
1876
1848
1884
1852
1844
1868
1888
1888
1876
1852
