1832
1688
1712
1684
1692
1684
1688
1684
1692
1688
1688
1688
1684
1684
1684
1684
1692
1684
1688
1692
1688
1692
1688
1688
1692
1684
1684
1692
1684
1692
1688
1684
1692
1684
1688
1692
1692
1684
1696
1684
1688
1688
1684
1680
1680
1684
1684
1684
1680
1684
1692
1680
1680
1684
1680
1680
1684
1680
1680
1684
1692
1704
1688
1688
1688
1688
1692
1688
1688
1684
1692
1692
1692
1684
1684
1692
1692
1684
1692
1692
1688
1688
1684
1692
1700
1692
1692
1688
1688
1692
1692
1688
1684
1684
1692
1692
1692
1688
1696
1692
