0.422808
0.469844
0.54918
0.616872
0.494863
0.604651
0.500861
0.60219
0.568365
0.571429
0.561798
0.542807
0.579982
0.532524
0.583723
0.583993
0.563937
0.562239
0.469763
0.570899
0.483467
0.568441
0.625339
0.562559
0.579046
0.506173
0.558095
0.600716
0.548757
0.596475
0.57671
0.557564
0.576239
0.50759
0.578898
0.588889
0.527993
0.552974
0.492019
0.582947
0.495197
0.572907
0.583719
0.444062
0.549858
0.548689
0.492366
0.578558
0.500469
0.585258
0.498131
0.579343
0.447039
0.557346
0.567901
0.508026
0.565854
0.581353
0.541542
0.556829
0.479691
0.562016
0.51
0.567464
0.600917
0.5
0.559078
0.594419
0.589744
0.592044
0.508057
0.590737
0.590698
0.484352
0.597628
0.524645
0.566265
0.603873
0.517658
0.590573
0.523478
0.589627
0.562989
0.583258
0.609842
0.490164
0.577516
0.605192
0.597816
0.589175
0.539225
0.56457
0.500914
0.580855
0.594714
0.533575
0.583411
0.551695
0.567416
0.597846
