0.619946
0.621404
0.627445
0.574957
0.680532
0.7109
0.771753
0.776851
0.770705
0.69871
0.613344
0.70891
0.691129
0.716778
0.787237
0.711324
0.779565
0.784795
0.769519
0.782281
0.760846
0.786579
0.710558
0.78124
0.725896
0.712674
0.786597
0.695432
0.651621
0.745937
0.694463
0.716433
0.787018
0.709311
0.78265
0.78543
0.780881
0.783422
0.782543
0.781693
0.786205
0.783128
0.777373
0.787809
0.755567
0.782166
0.784629
0.776056
0.78075
0.753566
0.656696
0.595181
0.640872
0.637223
0.715413
0.614809
0.635889
0.680435
0.663883
0.632451
0.684544
0.765697
0.689008
0.757475
0.787086
0.706997
0.773264
0.709986
0.758607
0.781476
0.770192
0.772217
0.776083
0.753373
0.783526
0.773218
0.771781
0.781573
0.754824
0.785945
0.778672
0.783329
0.785286
0.786461
0.780368
0.785574
0.769869
0.776947
0.759834
0.755278
0.702812
0.776008
0.713002
0.760485
0.785614
0.70705
0.774316
0.72347
0.754137
0.785788
