0.676777
0.635445
0.674589
0.637834
0.62899
0.622578
0.574219
0.575378
0.674117
0.679719
0.77909
0.690607
0.730123
0.719236
0.673256
0.739123
0.773455
0.686236
0.768445
0.783374
0.773106
0.77847
0.774285
0.775493
0.773197
0.776409
0.78065
0.780223
0.774918
0.777147
0.776245
0.774083
0.77319
0.774099
0.77654
0.777168
0.774819
0.779375
0.778594
0.780504
0.767343
0.774725
0.777066
0.773472
0.773169
0.777232
0.774595
0.77302
0.777741
0.775513
0.778386
0.777005
0.778565
0.777645
0.776308
0.778634
0.785487
0.780476
0.776767
0.773405
0.775929
0.771853
0.777122
0.756816
0.774882
0.772025
0.771436
0.770355
0.774094
0.77418
0.775962
0.681148
0.669592
0.782874
0.776231
0.775971
0.771948
0.774166
0.775592
0.773171
0.774716
0.770981
0.77589
0.776519
0.774565
0.775843
0.76793
0.772894
0.776675
0.775289
0.779921
0.771437
0.774057
0.772371
0.774015
0.773841
0.773758
0.771844
0.775543
0.776951
