0.692783
0.673504
0.705892
0.777005
0.70787
0.771905
0.788517
0.752261
0.784513
0.692618
0.780022
0.785824
0.780795
0.775229
0.758371
0.78065
0.712665
0.774855
0.774201
0.77647
0.645722
0.772356
0.782286
0.716305
0.782734
0.772378
0.78685
0.728124
0.782615
0.778484
0.781059
0.759424
0.780032
0.749891
0.748149
0.775485
0.709085
0.729244
0.782459
0.782996
0.782635
0.715304
0.779599
0.784947
0.781948
0.779611
0.78286
0.760043
0.788082
0.775659
0.772556
0.758964
0.784463
0.699403
0.659044
0.730763
0.67424
0.782335
0.730914
0.770426
0.727329
0.778215
0.726988
0.674522
0.773367
0.710181
0.674619
0.784093
0.73302
0.783648
0.78223
0.780679
0.757898
0.774677
0.755354
0.785125
0.695629
0.673049
0.780062
0.729852
0.784285
0.715162
0.780074
0.715941
0.676696
0.782381
0.726962
0.784067
0.78332
0.775936
0.754955
0.779434
0.711496
0.759003
0.782284
0.643081
0.750445
0.728308
0.670395
0.781016
