0.38157
0.489025
0.548866
0.398739
0.502199
0.612762
0.489637
0.582734
0.605106
0.593776
0.507284
0.595897
0.480738
0.571173
0.530382
0.431034
0.559743
0.480061
0.49639
0.557836
0.481481
0.582358
0.500401
0.550274
0.485035
0.488909
0.595238
0.517657
0.5605
0.533544
0.572049
0.532244
0.504386
0.563134
0.490246
0.579536
0.470588
0.50354
0.567204
0.512257
0.598439
0.608958
0.6
0.527755
0.590265
0.609508
0.512114
0.6019
0.464756
0.522467
0.572338
0.513901
0.579861
0.513365
0.579137
0.518113
0.600534
0.471875
0.440035
0.573937
0.461419
0.459884
0.534619
0.52535
0.576744
0.494755
0.572383
0.617021
0.59482
0.510495
0.610919
0.480422
0.50784
0.584545
0.541262
0.601611
0.476009
0.488829
0.578758
0.483927
0.601232
0.47648
0.496448
0.58129
0.489933
0.567944
0.486822
0.496409
0.57731
0.507334
0.587703
0.513106
0.580986
0.557167
0.487694
0.582593
0.495255
0.602293
0.484628
0.552704
