3048
2332
2308
2320
2328
2308
2320
2320
2332
2324
2312
2308
2324
2320
2324
2320
2344
2328
2316
2316
2388
2340
2328
2320
2348
2324
2344
2336
2324
2340
2324
2328
2336
2340
2332
2320
2332
2336
2328
2360
2328
2328
2324
2328
2344
2332
2336
2320
2328
2348
2336
2348
2332
2328
2336
2328
2340
2328
2340
2360
2320
2328
2324
2320
2332
2344
2328
2336
2328
2320
2340
2328
2320
2336
2332
2348
2324
2328
2332
2324
2332
2332
2332
2336
2320
2332
2324
2328
2328
2324
2332
2332
2332
2328
2328
2364
2340
2352
2328
2324
