1768
1668
1668
1660
1660
1680
1660
1656
1660
1660
1668
1656
1668
1668
1660
1656
1660
1656
1664
1656
1660
1660
1664
1660
1664
1660
1656
1660
1656
1668
1656
1660
1668
1664
1664
1660
1664
1656
1660
1660
1660
1664
1656
1668
1660
1656
1668
1660
1656
1660
1656
1664
1660
1668
1656
1668
1664
1660
1668
1668
1668
1664
1708
1668
1660
1656
1668
1664
1660
1660
1656
1656
1660
1660
1656
1660
1664
1660
1668
1656
1656
1664
1656
1668
1660
1660
1660
1668
1664
1668
1660
1656
1660
1660
1656
1660
1668
1656
1660
1668
