0.437356
0.46883
0.473289
0.581481
0.538336
0.530982
0.578281
0.522998
0.542091
0.488263
0.564292
0.597285
0.565611
0.577243
0.478452
0.53508
0.444528
0.550832
0.595406
0.547255
0.462845
0.553636
0.555556
0.447843
0.567001
0.567593
0.579235
0.440402
0.57156
0.573727
0.566119
0.477273
0.576923
0.492666
0.479966
0.5596
0.496785
0.433412
0.571686
0.605472
0.558559
0.456639
0.554428
0.602901
0.584063
0.558989
0.57967
0.500434
0.575
0.553459
0.539438
0.488754
0.576195
0.462331
0.440487
0.446627
0.478099
0.552281
0.406378
0.512268
0.465309
0.600866
0.546713
0.50444
0.594718
0.433878
0.469697
0.576744
0.452665
0.580202
0.584463
0.601604
0.485989
0.565139
0.491197
0.601802
0.467933
0.513986
0.575533
0.449206
0.580224
0.490504
0.568556
0.53169
0.46648
0.556604
0.424267
0.578899
0.606007
0.592788
0.474712
0.54717
0.486397
0.485088
0.584545
0.403745
0.491135
0.471901
0.47119
0.578008
