0.585403
0.695989
0.712039
0.605085
0.68286
0.778663
0.745389
0.773109
0.77547
0.767139
0.749177
0.774064
0.697029
0.767963
0.713937
0.655729
0.773793
0.685486
0.664602
0.768369
0.749111
0.78169
0.709293
0.775001
0.696759
0.666377
0.767401
0.750979
0.706141
0.704455
0.764207
0.720576
0.667716
0.777863
0.745267
0.771145
0.683794
0.666401
0.774903
0.752888
0.767096
0.778492
0.774846
0.748686
0.772074
0.768326
0.753731
0.768479
0.681954
0.669829
0.766785
0.745996
0.772374
0.70095
0.770785
0.747555
0.774549
0.68824
0.654469
0.772165
0.686853
0.652989
0.715095
0.670637
0.771566
0.751212
0.730144
0.776338
0.768676
0.743711
0.775917
0.685568
0.668972
0.771784
0.749506
0.779742
0.683492
0.671271
0.767886
0.74599
0.77394
0.690034
0.671598
0.775814
0.74061
0.753062
0.686832
0.666365
0.767005
0.743348
0.770975
0.700908
0.771723
0.713605
0.666735
0.773628
0.746023
0.776383
0.69895
0.767633
