0.741148
0.77118
0.768138
0.775823
0.778771
0.784154
0.78091
0.782099
0.787514
0.683121
0.683014
0.782624
0.726184
0.777267
0.691697
0.775779
0.781015
0.686766
0.784285
0.682298
0.775344
0.787912
0.751983
0.782494
0.693279
0.774569
0.781212
0.720816
0.777013
0.692486
0.774844
0.719709
0.729034
0.784739
0.784742
0.780561
0.784062
0.710824
0.780546
0.780567
0.755424
0.785858
0.751026
0.778129
0.712104
0.763186
0.772347
0.782114
0.781227
0.707101
0.775808
0.779986
0.732774
0.79058
0.716079
0.772519
0.791044
0.760109
0.779041
0.695021
0.786333
0.779246
0.755828
0.782151
0.6988
0.775484
0.781236
0.755993
0.784215
0.748984
0.775907
0.783681
0.785276
0.753715
0.788193
0.710012
0.778956
0.722491
0.775813
0.787882
0.760779
0.781708
0.752765
0.785591
0.785559
0.783865
0.780602
0.773926
0.783627
0.78835
0.783551
0.783659
0.789758
0.787674
0.784096
0.788178
0.787545
0.786203
0.789309
0.78687
