0.69026
0.585767
0.76785
0.771326
0.77025
0.769705
0.77299
0.746851
0.764488
0.706587
0.774224
0.72002
0.649856
0.768566
0.656784
0.671122
0.766562
0.74707
0.774938
0.687504
0.670763
0.776429
0.751413
0.771603
0.68914
0.662639
0.77157
0.75159
0.776198
0.699793
0.765535
0.750173
0.762975
0.680895
0.664537
0.773477
0.749444
0.77224
0.773997
0.774392
0.773859
0.774074
0.748562
0.778914
0.702547
0.764751
0.71217
0.665583
0.770499
0.751801
0.777908
0.705738
0.763028
0.709244
0.761208
0.779021
0.74104
0.777977
0.688176
0.772003
0.773595
0.750286
0.777982
0.685506
0.769503
0.777143
0.745351
0.770622
0.686191
0.765479
0.772566
0.740565
0.775293
0.687068
0.65082
0.775081
0.68622
0.667892
0.770855
0.743102
0.773087
0.68835
0.655615
0.774811
0.682804
0.664632
0.775934
0.748605
0.775661
0.687741
0.76713
0.708708
0.662534
0.769113
0.750364
0.767834
0.777922
0.77341
0.776948
0.773502
