2716
2400
2420
2380
2376
2376
2364
2360
2364
2376
2360
2360
2364
2360
2360
2360
2360
2380
2360
2360
2360
2360
2364
2368
2364
2360
2360
2368
2360
2412
2360
2360
2360
2372
2376
2364
2376
2364
2372
2360
2360
2360
2364
2356
2380
2376
2388
2364
2360
2360
2360
2360
2376
2360
2360
2368
2360
2360
2360
2372
2384
2360
2360
2364
2388
2360
2368
2360
2376
2364
2360
2372
2360
2360
2360
2368
2360
2388
2360
2360
2364
2372
2364
2372
2360
2364
2360
2384
2360
2376
2360
2360
2360
2360
2360
2388
2372
2356
2372
2380
