0.564033
0.593945
0.603571
0.591241
0.620035
0.61032
0.609712
0.602576
0.596068
0.547473
0.456109
0.59375
0.464629
0.569444
0.511609
0.575254
0.612903
0.453125
0.574681
0.4635
0.5625
0.591667
0.507951
0.551001
0.489637
0.552408
0.586876
0.457522
0.564977
0.498701
0.557746
0.543745
0.483146
0.575872
0.590494
0.540275
0.600736
0.440035
0.539078
0.540515
0.509398
0.583799
0.506567
0.554808
0.511586
0.567204
0.559353
0.597248
0.60708
0.482008
0.568203
0.598714
0.48542
0.588725
0.463193
0.556578
0.612444
0.518106
0.563937
0.491274
0.58958
0.60274
0.519352
0.585059
0.44898
0.564717
0.585887
0.482398
0.571165
0.508756
0.591524
0.589169
0.597083
0.52729
0.595455
0.532399
0.572111
0.548446
0.564929
0.600367
0.521048
0.591458
0.601829
0.594835
0.59586
0.616946
0.631534
0.614859
0.606957
0.640693
0.612263
0.611358
0.631486
0.626298
0.588752
0.581166
0.621784
0.631169
0.6236
0.618924
