0.517086
0.550633
0.395449
0.423387
0.304886
0.320236
0.428793
0.580292
0.487102
0.323915
0.401917
0.421918
0.357947
0.351971
0.470182
0.550604
0.590393
0.576855
0.575652
0.586513
0.593446
0.564531
0.578237
0.578947
0.523438
0.569507
0.563989
0.571557
0.554455
0.575158
0.588131
0.57078
0.585561
0.590747
0.571429
0.558543
0.562669
0.582516
0.561808
0.562274
0.565179
0.561041
0.585125
0.544273
0.546961
0.54918
0.60071
0.554845
0.584838
0.561243
0.549232
0.574506
0.569444
0.559501
0.589127
0.550871
0.569012
0.552846
0.541971
0.581705
0.56573
0.580334
0.594356
0.583187
0.5746
0.572963
0.560066
0.543599
0.561517
0.586582
0.595475
0.573382
0.577758
0.563849
0.589445
0.595109
0.570793
0.567073
0.564384
0.5713
0.588025
0.561178
0.573889
0.604259
0.583779
0.572983
0.560469
0.584007
0.573944
0.54589
0.572193
0.580325
0.580528
0.554758
0.573712
0.588968
0.587674
0.583485
0.566055
0.559675
