1772
1692
1660
1668
1680
1660
1664
1656
1660
1660
1672
1660
1684
1672
1660
1684
1660
1656
1664
1664
1664
1660
1688
1664
1668
1664
1680
1656
1688
1656
1680
1660
1664
1656
1684
1660
1668
1660
1668
1664
1668
1684
1668
1660
1684
1664
1660
1664
1668
1660
1684
1660
1664
1664
1688
1660
1684
1680
1664
1660
1668
1664
1684
1660
1692
1660
1688
1660
1664
1660
1688
1684
1688
1660
1680
1664
1668
1664
1664
1660
1680
1660
1668
1660
1664
1660
1680
1656
1664
1664
1688
1660
1684
1668
1668
1668
1664
1660
1680
1664
