1396
1252
1252
1256
1244
1252
1248
1240
1248
1248
1244
1340
1264
1256
1248
1256
1256
1240
1268
1244
1252
1248
1264
1256
1256
1240
1248
1252
1260
1244
1256
1248
1256
1256
1256
1244
1252
1252
1252
1256
1248
1244
1268
1252
1248
1248
1252
1252
1252
1264
1244
1244
1240
1240
1244
1240
1244
1248
1240
1244
1244
1240
1240
1244
1240
1240
1244
1260
1252
1244
1244
1244
1260
1256
1264
1252
1244
1256
1244
1264
1260
1260
1272
1252
1256
1260
1256
1256
1240
1244
1248
1240
1248
1252
1256
1260
1256
1268
1248
1264
