0.512281
0.430597
0.37206
0.348464
0.355599
0.315261
0.305333
0.321127
0.465284
0.546691
0.562268
0.57024
0.434545
0.564151
0.5163
0.379336
0.569288
0.448718
0.356815
0.53876
0.453535
0.36758
0.54771
0.438611
0.377259
0.542614
0.416483
0.370031
0.55364
0.453451
0.355932
0.557034
0.422764
0.318863
0.560038
0.443478
0.345946
0.544487
0.444713
0.346843
0.493987
0.441899
0.313752
0.364528
0.567442
0.33107
0.429264
0.444175
0.379526
0.338426
0.348058
0.413629
0.366099
0.399314
0.495775
0.390673
0.397884
0.429289
0.402344
0.345455
0.438462
0.429264
0.365701
0.530494
0.423387
0.435228
0.549575
0.413399
0.471545
0.464502
0.58096
0.530499
0.538826
0.48741
0.533659
0.438148
0.488043
0.547486
0.432149
0.455696
0.537665
0.448485
0.469683
0.580849
0.42514
0.499566
0.552007
0.43004
0.468556
0.581522
0.418491
0.486583
0.569217
0.450761
0.464128
0.566364
0.421812
0.442584
0.556273
0.553211
