3880
3580
3600
3616
3600
3628
3584
3576
3612
3608
3592
3616
3624
3596
3612
3600
3648
3604
3632
3596
3620
3624
3576
3560
3608
3572
3600
3596
3600
3604
3612
3600
3628
3612
3580
3588
3588
3580
3640
3568
3588
3612
3548
3588
3608
3604
3600
3596
3604
3600
3584
3560
3540
3572
3632
3572
3580
3588
3616
3580
3596
3584
3600
3616
3580
3592
3572
3588
3564
3616
3624
3580
3636
3616
3576
3572
3568
3592
3596
3584
3600
3568
3552
3592
3596
3608
3576
3560
3588
3572
3612
3600
3588
3608
3604
3572
3564
3596
3604
3576
