0.752254
0.766388
0.540318
0.720961
0.781548
0.777478
0.780715
0.705419
0.614432
0.631993
0.614988
0.496227
0.729538
0.777767
0.706818
0.610724
0.596236
0.64686
0.765928
0.766598
0.773295
0.773649
0.750566
0.708473
0.781069
0.695137
0.781736
0.683566
0.577087
0.631837
0.612013
0.671465
0.61462
0.62668
0.782329
0.776115
0.77415
0.774797
0.774325
0.776487
0.776953
0.775549
0.751037
0.77639
0.781243
0.779003
0.782275
0.780887
0.785306
0.780681
0.779314
0.784297
0.784461
0.782217
0.783337
0.784887
0.779339
0.784249
0.78243
0.783615
0.784263
0.780439
0.780304
0.784014
0.781245
0.78312
0.762667
0.781252
0.769093
0.769166
0.772494
0.770388
0.77213
0.781376
0.767502
0.768523
0.777759
0.776009
0.774125
0.769936
0.775278
0.774532
0.719746
0.769927
0.771226
0.767793
0.775222
0.778119
0.760493
0.766778
0.772024
0.777055
0.772167
0.769778
0.77025
0.766685
0.769602
0.767
0.77125
0.768168
