0.566054
0.53964
0.309215
0.449643
0.543233
0.547378
0.562558
0.443478
0.364893
0.404115
0.363636
0.328947
0.468217
0.570377
0.439024
0.34933
0.318569
0.364973
0.533582
0.556951
0.545045
0.557971
0.539258
0.497483
0.573237
0.451442
0.551821
0.478125
0.319922
0.37298
0.383688
0.371061
0.341115
0.351789
0.580236
0.568306
0.575758
0.572426
0.611876
0.588602
0.582389
0.595873
0.565466
0.555754
0.53406
0.589286
0.568824
0.572238
0.56679
0.568075
0.566322
0.559772
0.570076
0.579439
0.560461
0.567389
0.549713
0.603996
0.580019
0.566073
0.576817
0.579535
0.578368
0.587971
0.571562
0.578212
0.547268
0.590179
0.557592
0.560932
0.574283
0.588235
0.581866
0.597066
0.571429
0.565374
0.566667
0.565492
0.578261
0.572573
0.567935
0.579274
0.520557
0.546794
0.58427
0.567019
0.573555
0.582691
0.571667
0.5433
0.571806
0.569788
0.584192
0.577513
0.556351
0.578947
0.560579
0.574934
0.58952
0.559894
