0.754493
0.70694
0.633356
0.604707
0.6421
0.589022
0.589523
0.64847
0.722865
0.784563
0.799111
0.795402
0.730978
0.795019
0.733958
0.664413
0.801719
0.709484
0.665023
0.796428
0.712195
0.667356
0.798906
0.711647
0.667606
0.797316
0.674869
0.666009
0.80292
0.712922
0.664119
0.80063
0.709797
0.661756
0.802698
0.709403
0.663234
0.802494
0.711561
0.667742
0.778364
0.704478
0.630568
0.661312
0.802423
0.580395
0.734759
0.70516
0.627038
0.648335
0.648646
0.67211
0.636311
0.718143
0.766366
0.721024
0.677322
0.716247
0.680113
0.646721
0.733359
0.702603
0.710413
0.785745
0.702749
0.766888
0.7859
0.701017
0.771458
0.700884
0.75716
0.783311
0.796605
0.762992
0.788803
0.70054
0.769828
0.78828
0.703523
0.765919
0.789706
0.690608
0.76166
0.786572
0.701595
0.766514
0.78458
0.704121
0.767872
0.793403
0.703136
0.767046
0.787461
0.708713
0.77068
0.788468
0.703012
0.696108
0.785218
0.786938
