2256
1536
1680
1912
1640
1636
1560
1596
1608
1588
1520
1616
1624
1492
1648
1648
1584
1552
1536
1508
1516
1580
1584
1660
1600
1708
1540
1568
1588
1616
1632
1572
1576
1568
1596
1616
1548
1616
1660
1564
1584
1600
1552
1556
1564
1604
1548
1624
1584
1572
1572
1804
1624
1616
1576
1544
1648
1548
1572
1588
1596
1552
1660
1632
1536
1588
1588
1580
1576
1576
2016
1584
1556
1596
1536
1600
7488
1540
1560
1612
1596
1572
1600
1612
1548
1564
1560
1596
1572
1596
1608
1612
1604
1608
1580
1748
1604
1628
1608
1572
