0.612174
0.453602
0.527481
0.564784
0.525212
0.602067
0.558453
0.512558
0.522403
0.549393
0.516931
0.514976
0.604106
0.530856
0.530373
0.592827
0.546613
0.606429
0.694843
0.7444
0.652208
0.63602
0.667526
0.534515
0.58
0.57126
0.570298
0.56737
0.641627
0.536942
0.533391
0.540581
0.578961
0.652973
0.745277
0.671763
0.54915
0.58211
0.588163
0.583832
0.588737
0.632606
0.741479
0.741674
0.73993
0.547499
0.497469
0.69804
0.675031
0.585911
0.580222
0.582121
0.600455
0.534163
0.533438
0.693838
0.738583
0.636311
0.609636
0.548498
0.586029
0.545561
0.545831
0.632277
0.686453
0.545313
0.641422
0.640742
0.586233
0.590709
0.646055
0.59252
0.548692
0.640761
0.599059
0.588539
0.589459
0.587249
0.639544
0.587367
0.5491
0.58761
0.597824
0.592543
0.586835
0.594701
0.589799
0.54869
0.588694
0.549636
0.59292
0.636383
0.588949
0.546412
0.640969
0.596165
0.593209
0.638648
0.592358
0.590732
