0.619741
0.45913
0.576104
0.476055
0.444728
0.46402
0.468592
0.452761
0.492212
0.481407
0.444245
0.522995
0.514779
0.458874
0.49534
0.497219
0.486316
0.508261
0.48045
0.476441
0.501663
0.489458
0.445028
0.46085
0.466173
0.458667
0.460561
0.453281
0.432903
0.463906
0.557302
0.48994
0.47767
0.482035
0.489809
0.491522
0.459666
0.445647
0.472784
0.459551
0.44836
0.454352
0.476394
0.472794
0.440826
0.490574
0.467484
0.476792
0.483191
0.417214
0.479833
0.507136
0.464415
0.487711
0.474667
0.450808
0.461077
0.457911
0.451661
0.483706
0.485412
0.452016
0.476437
0.485047
0.476473
0.494064
0.5233
0.432251
0.49208
0.504673
0.503871
0.489817
0.473516
0.469898
0.485019
0.503662
0.444629
0.504884
0.52683
0.46583
0.513443
0.514865
0.47804
0.501759
0.484113
0.445282
0.479644
0.505838
0.51263
0.516348
0.455638
0.444727
0.483281
0.489946
0.465809
0.48938
0.461916
0.445696
0.484581
0.469671
