0.535963
0.453846
0.351959
0.238836
0.186199
0.302205
0.220103
0.26986
0.271373
0.243381
0.230358
0.321694
0.423142
0.286685
0.246291
0.218795
0.189129
0.220598
0.271069
0.190452
0.254075
0.221473
0.144382
0.141304
0.26087
0.272785
0.242463
0.222162
0.198071
0.196535
0.201765
0.307018
0.396735
0.249223
0.228659
0.210475
0.198138
0.253978
0.212446
0.231063
0.227011
0.151727
0.179545
0.268327
0.225252
0.166494
0.232583
0.286573
0.212887
0.316424
0.233729
0.20089
0.248775
0.22597
0.289003
0.233488
0.230684
0.263664
0.186215
0.258718
0.243243
0.220649
0.257499
0.201653
0.22345
0.252055
0.22384
0.236679
0.260799
0.191537
0.230251
0.240594
0.197328
0.237029
0.230724
0.223436
0.190338
0.210874
0.223973
0.235193
0.20092
0.188718
0.209358
0.190789
0.197183
0.237771
0.168373
0.182225
0.278548
0.231229
0.203055
0.204843
0.232913
0.275229
0.217034
0.186892
0.209597
0.246957
0.167343
0.185567
