0.914051
0.41624
0.43818
0.410611
0.4088
0.403509
0.438582
0.399502
0.416577
0.416599
0.419181
0.419114
0.428712
0.427169
0.441761
0.406224
0.440698
0.420844
0.408146
0.428495
0.423964
0.430281
0.468929
0.477054
0.400355
0.421288
0.438923
0.485166
0.420978
0.806956
0.421311
0.423067
0.41254
0.442482
0.430634
0.426326
0.423
0.448368
0.469424
0.415434
0.409796
0.40447
0.428378
0.418499
0.417403
0.411909
0.441723
0.401915
0.432685
0.449077
0.439555
0.427411
0.433409
0.412399
0.446154
0.417071
0.42368
0.404225
0.414465
0.411407
0.417615
0.418067
0.415482
0.463776
0.420648
0.434396
0.435239
0.41904
0.422363
0.427251
0.396382
0.43299
0.42593
0.410444
0.443763
0.463392
0.425189
0.429445
0.435132
0.451119
0.460734
0.429955
0.404412
0.415563
0.39978
0.41193
0.420506
0.427072
0.394641
0.410312
0.416992
0.43161
0.416096
0.415069
0.405976
0.425895
0.405274
0.419305
0.428801
0.444672
