2688
1360
1172
1312
1112
1132
1156
1132
1188
1188
5848
1196
1460
1108
1208
1144
1168
1124
1132
1088
1204
1116
1184
1148
1160
1184
1256
5384
1156
1164
1176
1160
1188
1108
1188
1096
1096
1144
1176
1156
1200
1104
1184
1072
5636
1176
1208
1108
1148
1108
1168
1112
1208
1104
1224
1120
1204
1096
1124
1220
1248
5684
1156
1108
1404
1116
1348
1120
1136
1116
1176
1156
1156
1116
1156
1140
1204
1128
1120
5472
1196
1100
1168
1112
1108
1156
1172
1140
1244
1104
1108
1080
1160
1116
1172
1108
5556
1100
1160
1128
