0.682304
0.34183
0.296433
0.351502
0.318064
0.334431
0.316504
0.287578
0.288159
0.288889
0.304836
0.307671
0.302521
0.29263
0.274466
0.336154
0.31378
0.341646
0.312871
0.291398
0.319064
0.321418
0.380174
0.314731
0.343965
0.313046
0.328398
0.32312
0.315968
0.346314
0.316612
0.316311
0.325223
0.311386
0.322417
0.313967
0.320299
0.305303
0.296044
0.337031
0.320437
0.334649
0.319218
0.294264
0.32373
0.324357
0.325719
0.314045
0.318454
0.331571
0.318927
0.360135
0.327632
0.354905
0.312481
0.300062
0.341611
0.32362
0.342948
0.316637
0.297684
0.344267
0.313608
0.324766
0.305941
0.316551
0.320483
0.308575
0.355111
0.336159
0.334612
0.326164
0.287671
0.349799
0.315018
0.337018
0.288145
0.29639
0.286796
0.312444
0.328027
0.259916
0.305296
0.292236
0.293341
0.335231
0.316308
0.325869
0.294698
0.319929
0.3435
0.29957
0.325856
0.313549
0.303628
0.29096
0.304295
0.325429
0.356688
0.330697
