0.381717
0.126239
0.207972
0.212429
0.192992
0.278055
0.243276
0.192063
0.218571
0.214577
0.209494
0.202671
0.284744
0.207173
0.198264
0.257192
0.173363
0.218908
0.338268
0.434343
0.350453
0.32659
0.293023
0.183744
0.230641
0.208525
0.218391
0.243496
0.271238
0.226816
0.192873
0.239454
0.222347
0.278951
0.420742
0.330383
0.207425
0.221248
0.191857
0.187465
0.218673
0.321577
0.425458
0.42906
0.414634
0.212856
0.162178
0.302954
0.300452
0.235606
0.26692
0.231714
0.217851
0.187573
0.192064
0.339181
0.454936
0.245796
0.220963
0.187842
0.261326
0.179089
0.171206
0.313101
0.391304
0.168708
0.293485
0.264629
0.196251
0.189845
0.290649
0.22926
0.180165
0.255702
0.259862
0.209186
0.187395
0.191209
0.25092
0.203337
0.191571
0.206083
0.233146
0.207915
0.209158
0.210125
0.220866
0.172812
0.21402
0.173407
0.200883
0.223602
0.20155
0.194302
0.24774
0.230964
0.218878
0.26071
0.198554
0.199113
