3.57791
3.55307
3.55799
3.56247
3.56594
3.55691
3.56144
3.55968
3.5608
3.55922
3.53757
3.55458
3.5526
3.54804
3.56041
3.56108
3.54957
3.55194
3.56079
3.56172
3.55676
3.54865
3.54436
3.54753
3.55112
3.55192
3.55229
3.55048
3.54572
3.53618
3.55879
3.56102
3.5584
3.55167
3.54704
3.5581
3.55201
3.54677
3.54668
3.55909
3.56119
3.55933
3.55911
3.56049
3.55988
3.56051
3.55956
3.55962
3.55015
3.54249
3.55167
3.53964
3.55566
3.56064
3.55677
3.56109
3.55541
3.55063
3.56114
3.54273
3.53913
3.55353
3.55866
3.55931
3.56099
3.54731
3.54983
3.56244
3.5573
3.56134
3.56041
3.54963
3.54669
3.55959
3.55005
3.54882
3.54988
3.55106
3.54879
3.54465
3.5528
3.55608
3.56022
3.549
3.55975
3.55787
3.56093
3.55991
3.56044
3.56105
3.55852
3.55907
3.55079
3.55921
3.55814
3.5618
3.56234
3.55923
3.54895
3.54718
