2.78838
2.80207
2.76204
2.76247
2.73716
2.7236
2.74796
2.70886
2.75003
2.7212
2.73923
2.75782
2.74406
2.70648
2.75827
2.7452
2.71201
2.75842
2.74414
2.71541
2.7084
2.72563
2.71375
2.75089
2.69225
2.73966
2.70927
2.7196
2.73997
2.73433
2.74533
2.73787
2.73399
2.745
2.75081
2.74921
2.73015
2.69679
2.69641
2.73828
2.70222
2.73427
2.71761
2.71889
2.74676
2.72643
2.73588
2.74781
2.69763
2.68556
2.7382
2.74662
2.74683
2.75015
2.73808
2.7431
2.73264
2.75908
2.72394
2.72862
2.73844
2.76375
2.743
2.75359
2.76157
2.75318
2.71004
2.73274
2.73234
2.75587
2.73881
2.73451
2.76084
2.75644
2.75385
2.70985
2.73374
2.73145
2.7525
2.73666
2.74483
2.74029
2.75379
2.73799
2.70923
2.75529
2.75411
2.75525
2.7356
2.74313
2.73716
2.76149
2.75363
2.7325
2.75406
2.73951
2.71115
2.75229
2.71689
2.74091
