6256872
6247836
6249580
6379828
6472120
6273016
6231352
6231504
6257720
6260456
6250012
6249772
6283372
6244052
6284232
6293856
6257524
6276408
6252076
6241428
6243488
6245496
6233504
6248748
6345348
6268768
6238376
6259128
6255980
6286472
6271764
6258184
6248128
6232028
6242888
6266240
6266548
6244144
6241356
6354972
6273884
6256316
6248808
6289896
6268956
6258616
6286596
6248872
6253512
6251280
6248844
6268576
6318572
6247428
6257936
6244868
6234416
6263380
6234912
6262684
6247752
6249788
6242520
6348304
6354184
6233592
6231072
6252460
6241956
6245444
6249244
6284912
6261024
6232640
6243148
6242668
6231588
6242892
6244280
6248448
6246448
6243048
6231876
6245348
6235716
6242896
6387004
6259112
6262908
6254348
6288736
6236224
6249184
6245392
6243756
6258080
6261288
6252392
6264876
6234964
