0.905
1
0.738355
0.723797
0.775236
0.802974
0.664904
0.6456
0.834667
0.726826
0.761806
0.784228
0.995608
0.765714
0.661417
0.634176
0.773598
0.848287
0.748921
0.628408
0.742276
0.756679
0.620321
0.62313
1
0.70148
0.784928
0.758596
0.927827
0.857143
1
0.997468
0.932341
0.879139
0.73834
0.640049
0.714839
0.647709
0.769755
0.757619
0.672862
0.59989
0.871191
0.820039
0.814078
0.735732
0.698976
0.81367
0.84992
0.814471
0.854505
0.862813
0.837684
0.867102
0.821942
0.851096
0.856936
0.836868
0.874317
0.848255
0.844444
0.850114
0.849085
0.863354
0.855336
0.854945
0.862404
0.837662
0.85683
0.863636
0.851233
0.705997
0.717029
0.858984
0.848508
0.716752
0.699881
0.716033
0.857868
0.850376
0.71849
0.717446
0.849772
0.76897
0.768556
0.710804
0.832421
0.832536
0.744739
0.787381
0.996805
0.998354
0.786332
0.775769
0.708388
0.721033
0.861828
0.847575
0.738733
0.693791
