0.991717
0.983724
0.981985
0.845789
0.781026
0.977698
0.981067
0.980973
0.955867
0.970285
0.980519
0.978824
0.974434
0.982228
0.922672
0.97802
0.967505
0.959426
0.981026
0.980198
0.979791
0.966454
0.980408
0.980399
0.879453
0.958336
0.980222
0.980649
0.979346
0.976512
0.979685
0.981462
0.982025
0.981757
0.97961
0.978384
0.978059
0.980098
0.980814
0.769432
0.955266
0.980519
0.981464
0.97803
0.958627
0.981452
0.922131
0.982071
0.979985
0.979555
0.980875
0.980137
0.893213
0.979386
0.970243
0.979399
0.980934
0.979258
0.979947
0.978866
0.977276
0.980268
0.980205
0.916263
0.797024
0.98177
0.981042
0.954433
0.980808
0.981548
0.981448
0.979158
0.979422
0.981609
0.981117
0.965785
0.978819
0.981418
0.980593
0.981783
0.979882
0.980747
0.980947
0.981205
0.981033
0.980678
0.771944
0.964727
0.977772
0.979135
0.948456
0.982076
0.982205
0.974501
0.979956
0.980976
0.97791
0.97786
0.979155
0.982021
