2.30396
2.2885
2.26346
2.1663
2.17451
2.22887
2.24594
2.24005
2.22782
2.23775
2.23042
2.2416
2.21247
2.24443
2.23961
2.22838
2.23902
2.22019
2.24031
2.22611
2.24396
2.23251
2.24875
2.24375
2.20998
2.23515
2.23461
2.23757
2.23997
2.2293
2.22429
2.24033
2.2446
2.23443
2.24491
2.22026
2.23628
2.22623
2.2448
2.21163
2.23244
2.24213
2.23006
2.22794
2.22412
2.23865
2.21065
2.24299
2.23445
2.23909
2.23707
2.22232
2.21842
2.22467
2.23934
2.22593
2.24843
2.23873
2.24671
2.23824
2.23058
2.24303
2.22775
2.21031
2.2081
2.24751
2.24975
2.24065
2.24543
2.24323
2.24393
2.23276
2.23735
2.24911
2.24402
2.24621
2.22533
2.24287
2.2251
2.24188
2.22452
2.24379
2.24945
2.24211
2.24752
2.24475
2.19734
2.23758
2.23726
2.22762
2.22898
2.24842
2.241
2.24393
2.23274
2.23896
2.221
2.24183
2.21941
2.24708
