0.973454
0.919952
0.924665
0.921894
0.931844
0.92827
0.927294
0.929982
0.928416
0.928976
0.906813
0.921588
0.923679
0.920938
0.929315
0.928741
0.919585
0.925249
0.93038
0.925443
0.925044
0.919981
0.915871
0.912961
0.924972
0.925355
0.92291
0.914165
0.918259
0.761083
0.93114
0.926039
0.928159
0.922472
0.921057
0.926287
0.923046
0.917044
0.915584
0.927084
0.929771
0.929715
0.931482
0.926733
0.928928
0.928264
0.930433
0.927888
0.920773
0.911709
0.922324
0.908491
0.923397
0.928766
0.924598
0.92436
0.925114
0.917872
0.932988
0.911735
0.912895
0.922395
0.92868
0.921705
0.926681
0.917164
0.919758
0.930347
0.924102
0.927353
0.932381
0.921362
0.917822
0.926177
0.921355
0.919351
0.920866
0.921262
0.918421
0.916935
0.918003
0.927021
0.929469
0.921147
0.928115
0.926424
0.928427
0.930585
0.92942
0.929193
0.928529
0.925315
0.917562
0.928141
0.931863
0.932266
0.924701
0.926457
0.917706
0.91856
