30083716
30055072
30053220
30037572
30063184
30032796
30040320
30042644
30044028
30099388
30048044
30016248
30047888
30026140
30067104
30125872
30046828
30037040
30037584
30066996
30055832
30076128
30053012
30063412
30097424
30042396
30036096
30038536
30068852
30035300
30053200
30080516
30074744
30158724
30062720
30052132
30067304
30045496
30055196
30029372
30050644
30070532
30062156
30039264
30049852
30104804
30050664
30032376
30064168
30081584
30083272
30064852
30038596
30040972
30038448
30019700
30067388
30035196
30033784
30028192
30053824
30049788
30074088
30034616
30033364
30026308
30030904
30035700
30031220
30036060
30044208
30043536
30073792
30072920
30040056
30048508
30045136
30044156
30046520
30030732
30051864
30058576
30099528
30060176
30123456
30043352
30026736
30033692
30049852
30054536
30027176
30032412
30040060
30054060
30034812
30062164
30028872
30046868
30058180
30064568
