0.516242
0.488716
0.41491
0.567273
0.488391
0.411678
0.53223
0.360803
0.4255
0.553621
0.496471
0.37558
0.521001
0.359643
0.416357
0.548713
0.489209
0.397004
0.352657
0.376103
0.399554
0.504065
0.365986
0.442465
0.559276
0.497592
0.406504
0.498657
0.567616
0.492394
0.401481
0.529937
0.41129
0.449963
0.548333
0.500398
0.394797
0.521277
0.372273
0.481802
0.557105
0.5209
0.547788
0.558376
0.408889
0.510601
0.45969
0.410739
0.378433
0.397493
0.463357
0.338588
0.425356
0.560409
0.496558
0.551282
0.546776
0.546946
0.57326
0.550091
0.558984
0.582049
0.58097
0.586716
0.587963
0.559817
0.591575
0.573115
0.573801
0.550737
0.546847
0.571924
0.527945
0.557866
0.515176
0.568282
0.555178
0.401057
0.527923
0.571048
0.521559
0.55885
0.57744
0.565333
0.563443
0.526225
0.570662
0.420814
0.543796
0.544996
0.388342
0.50045
0.561308
0.512376
0.590869
0.53223
0.41387
0.489964
0.555861
0.489033
