3532
3212
3200
3204
3200
3200
3204
3204
3204
3204
3200
3204
3204
3204
3200
3200
3200
3204
3204
3204
3200
3208
3204
3236
3204
3208
3200
3204
3204
3200
3204
3200
3200
3200
3200
3204
3204
3200
3200
3200
3200
3200
3200
3200
3200
3232
3204
3204
3204
3200
3208
3208
3204
3204
3200
3204
3200
3204
3204
3204
3204
3204
3204
3204
3200
3236
3200
3232
3204
3216
3240
3204
3200
3204
3200
3204
3204
3200
3208
3200
3204
3204
3200
3204
3204
3204
3204
3204
3200
3204
3200
3204
3204
3200
3200
3212
3200
3200
3204
3232
