3528
3200
3204
3208
3204
3200
3200
3200
3204
3200
3204
3200
3204
3204
3204
3200
3200
3200
3200
3204
3200
3204
3204
3204
3200
3204
3204
3204
3204
3200
3204
3200
3204
3200
3200
3200
3204
3204
3200
3204
3200
3200
3200
3204
3200
3200
3200
3200
3204
3200
3204
3204
3200
3200
3204
3204
3204
3200
3204
3204
3200
3204
3204
3200
3200
3204
3200
3200
3204
3204
3204
3204
3204
3200
3200
3204
3204
3204
3204
3204
3200
3200
3200
3204
3200
3200
3200
3200
3204
3204
3204
3200
3200
3200
3204
3200
3200
3200
3204
3200
