0.506932
0.592474
0.522494
0.594276
0.463097
0.589658
0.599498
0.593619
0.603093
0.523349
0.608221
0.493534
0.600844
0.607648
0.585106
0.544118
0.403283
0.357846
0.29798
0.407886
0.517471
0.403462
0.374765
0.360241
0.402196
0.4189
0.417685
0.483558
0.458396
0.421429
0.378765
0.524895
0.432355
0.504732
0.386226
0.477612
0.476375
0.409125
0.377371
0.440716
0.544605
0.441997
0.531829
0.599659
0.492003
0.587884
0.588983
0.562706
0.570823
0.517214
0.597128
0.457101
0.533919
0.592943
0.479136
0.51633
0.575342
0.476615
0.533544
0.589571
0.479592
0.51239
0.609776
0.481428
0.517214
0.592094
0.572006
0.575706
0.616969
0.588562
0.512351
0.58092
0.498462
0.592014
0.582408
0.559483
0.601688
0.50449
0.581677
0.613095
0.577629
0.561538
0.514427
0.59383
0.587383
0.56554
0.600833
0.502802
0.601504
0.466377
0.499597
0.618609
0.511468
0.586149
0.552373
0.511628
0.591453
0.466127
0.50985
0.587102
