4780
4476
4444
4448
4444
4456
4452
4456
4452
4448
4440
4456
4452
4456
4456
4456
4452
4456
4460
4452
4444
4452
4456
4460
4444
4444
4460
4452
4460
4472
4456
4444
4456
4456
4476
4444
4456
4452
4456
4456
4460
4460
4456
4460
4456
4456
4460
4464
4452
4452
4456
4456
4456
4456
4452
4456
4460
4460
4456
4448
4456
4452
4456
4456
4456
4452
4452
4452
4456
4680
4452
4476
4488
4440
4444
4460
4448
4460
4444
4456
4444
4476
4456
4452
4444
4456
4452
4460
4456
4456
4452
4456
4448
4476
4456
4460
4460
4456
4448
4468
