0.719572
0.768944
0.70852
0.771641
0.691989
0.782352
0.781175
0.776759
0.785866
0.710029
0.782404
0.698268
0.780627
0.779106
0.766373
0.71683
0.63705
0.58166
0.515907
0.62959
0.7077
0.616019
0.59484
0.583665
0.637972
0.656764
0.683284
0.685431
0.689834
0.652761
0.671573
0.749914
0.707369
0.683473
0.632762
0.693691
0.710755
0.665897
0.631282
0.661587
0.719926
0.672022
0.753931
0.779412
0.706479
0.784336
0.781502
0.747773
0.777127
0.756692
0.770225
0.68859
0.75772
0.774984
0.69113
0.756422
0.776009
0.688778
0.757486
0.775947
0.694219
0.757558
0.777994
0.689227
0.761741
0.777766
0.770955
0.782806
0.772023
0.726363
0.755631
0.777804
0.710089
0.785823
0.774941
0.778185
0.78814
0.752067
0.781684
0.783967
0.772911
0.784304
0.755806
0.776486
0.78139
0.767452
0.77502
0.75351
0.780643
0.687276
0.757648
0.786847
0.707045
0.777806
0.720562
0.748669
0.785476
0.691092
0.751522
0.787032
