0.519264
0.369062
0.386657
0.383657
0.428896
0.353059
0.363108
0.469793
0.346365
0.407176
0.35769
0.363824
0.407115
0.459889
0.417299
0.362832
0.39835
0.419894
0.417277
0.49835
0.59243
0.554867
0.492611
0.567973
0.481805
0.480135
0.578584
0.475018
0.483319
0.583774
0.483372
0.589364
0.55778
0.591924
0.580247
0.566697
0.567901
0.589286
0.598452
0.592014
0.559337
0.578993
0.57206
0.56634
0.577502
0.603463
0.538062
0.584954
0.577417
0.569311
0.582533
0.584562
0.598222
0.577023
0.601357
0.585223
0.610727
0.573391
0.585616
0.591342
0.604452
0.577564
0.574205
0.573657
0.554593
0.595671
0.597222
0.588908
0.578853
0.611979
0.603723
0.553442
0.583481
0.589744
0.609457
0.572559
0.569507
0.593206
0.578712
0.58876
0.55709
0.558525
0.575221
0.400799
0.558419
0.597731
0.573517
0.603521
0.596401
0.54764
0.579358
0.597947
0.612331
0.593913
0.602879
0.576419
0.577222
0.568121
0.592184
0.576419
