0.180744
0.328228
0.362343
0.353914
0.459985
0.349741
0.416079
0.388889
0.39392
0.467153
0.501464
0.604183
0.607143
0.621951
0.635736
0.609793
0.601089
0.607396
0.505755
0.604938
0.61562
0.489186
0.587816
0.60512
0.627362
0.631141
0.623512
0.621478
0.621746
0.631734
0.626787
0.621212
0.629763
0.606818
0.638473
0.620505
0.60061
0.643284
0.630271
0.636838
0.619301
0.528328
0.613982
0.635312
0.578878
0.61374
0.598304
0.6082
0.455572
0.61128
0.627994
0.626016
0.630724
0.644922
0.614404
0.619193
0.589564
0.597552
0.6
0.61305
0.622189
0.607198
0.634659
0.616092
0.626382
0.548744
0.601533
0.634021
0.454387
0.440275
0.60695
0.617692
0.621868
0.63533
0.63373
0.636161
0.638202
0.60574
0.638267
0.622239
0.62126
0.611756
0.615504
0.612977
0.63134
0.628464
0.635167
0.616679
0.639445
0.642534
0.602401
0.564396
0.396005
0.404106
0.396853
0.420341
0.399763
0.493234
0.613208
0.605581
