0.499009
0.596278
0.502622
0.485654
0.513051
0.458571
0.471685
0.602178
0.521868
0.474405
0.498478
0.420753
0.632175
0.483208
0.363466
0.396164
0.418831
0.483453
0.598516
0.518574
0.467383
0.608806
0.626246
0.621528
0.615764
0.600167
0.621911
0.585115
0.615838
0.520463
0.578758
0.570952
0.394771
0.380607
0.42004
0.506919
0.609555
0.516556
0.480603
0.519231
0.429431
0.596315
0.512323
0.475645
0.502642
0.523312
0.602273
0.522312
0.350649
0.434983
0.484326
0.450194
0.371297
0.379423
0.596449
0.411995
0.48313
0.602339
0.502928
0.524105
0.609141
0.476334
0.454948
0.609158
0.518736
0.480029
0.618623
0.514887
0.456279
0.627386
0.496679
0.407561
0.348624
0.391092
0.511191
0.620401
0.554043
0.603419
0.617745
0.612613
0.552083
0.583537
0.610451
0.628709
0.65674
0.589124
0.613507
0.558431
0.544383
0.542176
0.619237
0.639355
0.614049
0.540288
0.419103
0.408311
0.589109
0.621601
0.615508
0.61901
