4316
3232
3288
3248
3252
3264
3276
3312
3276
3396
3264
3260
3268
3228
3300
3240
3268
3268
3268
3296
3300
3320
3248
3336
3324
3332
3248
3256
3280
3288
3228
3268
3240
3252
3312
3240
3316
3276
3304
3300
3252
3312
3296
3336
3264
3248
3268
3236
3288
3316
3236
3268
3260
3284
3244
3296
3292
3284
3236
3264
3328
3268
3248
3264
3268
3292
3252
3268
3384
3348
3332
3256
3268
3268
3264
3272
3244
3264
3232
3268
3300
3236
3312
3268
3236
3292
3240
3272
3296
3244
3276
3272
3260
3360
3292
3264
3272
3336
3272
3328
