4892
4084
4236
4116
4136
4168
4184
4172
4128
4204
4112
4056
4152
4116
4176
4128
4372
4140
4168
4088
4092
4060
4116
4144
4160
4040
4140
4092
4032
4052
4100
4204
4128
4172
4080
4100
4068
4120
4144
4120
4188
4144
4132
4168
4132
4152
4056
4144
4068
4104
4108
4144
4104
4200
4108
4120
4088
4152
4152
4064
4112
4092
4140
4304
4132
4104
4196
4132
4160
4032
4140
4116
4076
4160
4056
4108
4084
4080
4112
4144
4032
4144
4136
4088
4072
4140
4080
4132
4132
4108
4088
4172
4132
4092
4244
4124
4196
4096
4072
4064
