0.595392
0.697489
0.63056
0.632962
0.637878
0.636113
0.691327
0.612718
0.680683
0.687617
0.673682
0.624779
0.631157
0.64222
0.587092
0.68216
0.62459
0.681334
0.628128
0.689549
0.745281
0.792513
0.744396
0.791717
0.796852
0.792447
0.786361
0.793599
0.794857
0.795554
0.791023
0.795424
0.791527
0.789388
0.795949
0.788545
0.753446
0.790714
0.794032
0.798512
0.79169
0.795981
0.795688
0.79601
0.792344
0.798766
0.795876
0.795083
0.793906
0.800075
0.759706
0.79449
0.792793
0.789768
0.792669
0.796271
0.794862
0.791595
0.792354
0.796816
0.792832
0.794148
0.793914
0.793799
0.783184
0.788394
0.789121
0.795614
0.79748
0.796878
0.792146
0.796037
0.795716
0.793465
0.791943
0.786443
0.795487
0.792623
0.795548
0.789285
0.791174
0.791423
0.796063
0.795324
0.795794
0.794599
0.796215
0.7965
0.792298
0.796752
0.795111
0.793922
0.784629
0.78482
0.788976
0.789764
0.792217
0.799807
0.795847
0.799591
