0.534724
0.47304
0.553774
0.509375
0.548745
0.576846
0.582654
0.609817
0.674234
0.67625
0.656311
0.673341
0.672087
0.723465
0.769361
0.777954
0.777751
0.779754
0.787819
0.783856
0.774779
0.783534
0.729151
0.676695
0.782679
0.713916
0.774418
0.777435
0.787866
0.781746
0.787626
0.781111
0.790502
0.782604
0.783132
0.78916
0.784434
0.78768
0.776435
0.788115
0.786396
0.778331
0.782006
0.788227
0.787041
0.77128
0.787435
0.78667
0.775266
0.789154
0.786895
0.776638
0.788013
0.785276
0.777291
0.785233
0.793621
0.775053
0.692874
0.665217
0.773849
0.780801
0.781655
0.787389
0.783527
0.781218
0.790678
0.781446
0.789677
0.784706
0.780253
0.78155
0.788234
0.782637
0.775544
0.787319
0.785855
0.772381
0.777359
0.784288
0.77698
0.781342
0.787888
0.776856
0.784361
0.785539
0.771637
0.785563
0.786216
0.786965
0.757359
0.771812
0.784942
0.78298
0.784739
0.782153
0.791526
0.776555
0.778479
0.791539
