0.436749
0.29426
0.381702
0.361328
0.344873
0.452214
0.590706
0.446064
0.438029
0.451777
0.369799
0.569788
0.450365
0.442105
0.414232
0.435737
0.599099
0.490008
0.449264
0.595217
0.430871
0.481982
0.582076
0.467572
0.577758
0.592401
0.449561
0.437117
0.506584
0.381073
0.422414
0.567797
0.432031
0.444018
0.444444
0.454477
0.536021
0.367489
0.450704
0.610912
0.438609
0.420446
0.414653
0.338019
0.308974
0.402928
0.371212
0.356828
0.490798
0.423729
0.512545
0.578422
0.425912
0.513561
0.451424
0.361314
0.379738
0.49651
0.594545
0.499219
0.503046
0.580439
0.44152
0.504837
0.622321
0.435484
0.495085
0.567468
0.438047
0.499094
0.600536
0.438088
0.401697
0.436681
0.605239
0.578303
0.626383
0.592814
0.61889
0.636749
0.598268
0.57296
0.602041
0.599643
0.596401
0.542305
0.606501
0.579496
0.595381
0.592208
0.581517
0.58782
0.579965
0.592561
0.591819
0.607979
0.558333
0.59328
0.589113
0.596552
