0.538321
0.612613
0.607383
0.442939
0.387382
0.395508
0.392615
0.393977
0.393863
0.384217
0.433582
0.56546
0.577096
0.58363
0.612084
0.59058
0.605448
0.591837
0.608579
0.565866
0.608439
0.599671
0.616861
0.605528
0.605936
0.622002
0.613065
0.59617
0.617997
0.611065
0.598319
0.597973
0.581058
0.604938
0.612193
0.595034
0.602479
0.603918
0.597592
0.604651
0.610313
0.592061
0.591906
0.598147
0.599492
0.610509
0.606086
0.587665
0.605574
0.585654
0.597998
0.604928
0.577513
0.589088
0.587425
0.59443
0.612436
0.605903
0.622896
0.624896
0.61812
0.603066
0.619048
0.631148
0.592749
0.607053
0.610553
0.592225
0.565365
0.587793
0.566809
0.58459
0.599828
0.625616
0.608841
0.59322
0.596462
0.592437
0.616358
0.609839
0.599834
0.62275
0.595601
0.614671
0.634021
0.615643
0.58936
0.597643
0.584681
0.594412
0.601702
0.612658
0.596204
0.587124
0.594662
0.596537
0.588435
0.605729
0.587395
0.606061
