0.739068
0.767419
0.686743
0.693575
0.785366
0.698989
0.654581
0.791238
0.69853
0.655484
0.789818
0.69757
0.719479
0.789423
0.711491
0.782468
0.731233
0.654574
0.792936
0.697492
0.655512
0.789785
0.637404
0.654213
0.791984
0.698031
0.656877
0.788987
0.699225
0.656703
0.787396
0.696714
0.657844
0.789735
0.699517
0.655832
0.790409
0.699527
0.65628
0.789394
0.682135
0.655575
0.790296
0.699124
0.652292
0.79089
0.698834
0.655039
0.791931
0.699359
0.655303
0.791526
0.699984
0.655587
0.793676
0.700012
0.656637
0.789466
0.713241
0.788567
0.793017
0.791601
0.785093
0.791863
0.792787
0.792963
0.793711
0.797868
0.788947
0.797826
0.792103
0.796123
0.796618
0.796831
0.792131
0.792954
0.797341
0.795119
0.765198
0.791782
0.795348
0.786802
0.796725
0.722054
0.789376
0.788714
0.720392
0.786445
0.70097
0.787448
0.786671
0.785613
0.794031
0.717408
0.787526
0.6993
0.786566
0.787098
0.692786
0.717881
