0.622091
0.561263
0.577495
0.618634
0.613324
0.67165
0.78735
0.712176
0.669542
0.716026
0.638679
0.77807
0.719673
0.670026
0.707392
0.670412
0.786874
0.735275
0.671759
0.788747
0.715552
0.732566
0.780216
0.73159
0.787277
0.786691
0.718743
0.668501
0.696681
0.671004
0.66999
0.725775
0.667189
0.735578
0.710384
0.670025
0.733328
0.625137
0.673696
0.785852
0.720363
0.62655
0.640352
0.585987
0.58821
0.626746
0.626419
0.633139
0.668551
0.707895
0.675232
0.771992
0.710608
0.675822
0.701313
0.622231
0.624105
0.670204
0.780253
0.732328
0.675877
0.786046
0.716648
0.678003
0.781105
0.715303
0.676407
0.775488
0.713253
0.694927
0.78677
0.71347
0.628318
0.681621
0.79
0.786843
0.78801
0.781785
0.787758
0.786536
0.787606
0.773184
0.781195
0.775064
0.787956
0.7618
0.784809
0.778519
0.787725
0.785712
0.785464
0.785703
0.788902
0.78934
0.786301
0.791715
0.759486
0.791442
0.7896
0.79127
