3692
3500
3460
3460
3448
3460
3456
3448
3448
3456
3460
3448
3460
3464
3460
3460
3464
3460
3464
3448
3460
3448
3448
3448
3452
3460
3448
3456
3460
3460
3456
3508
3464
3476
3464
3456
3452
3448
3448
3460
3460
3480
3460
3460
3460
3456
3488
3448
3460
3476
3464
3460
3460
3480
3460
3464
3448
3468
3460
3464
3448
3460
3460
3464
3444
3460
3452
3464
3472
3464
3464
3456
3460
3460
3464
3448
3464
3448
3448
3436
3452
3460
3436
3448
3448
3448
3488
3452
3436
3468
3440
3472
3456
3460
3460
3452
3468
3460
3448
3448
