3396
3456
3252
3228
3236
3228
3232
3232
3224
3232
3224
3228
3228
3224
3224
3252
3232
3224
3224
3228
3228
3232
3228
3224
3228
3236
3236
3236
3232
3232
3224
3248
3232
3240
3228
3228
3224
3228
3248
3228
3232
3232
3224
3248
3240
3244
3224
3228
3236
3232
3236
3240
3232
3232
3244
3228
3228
3224
3220
3240
3236
3228
3240
3228
3236
3232
3220
3232
3236
3248
3220
3240
3232
3232
3224
3228
3224
3228
3232
3224
3224
3228
3220
3232
3224
3224
3228
3228
3236
3240
3232
3236
3224
3236
3228
3228
3228
3240
3256
3232
