4768
4448
4680
4452
4448
4452
4432
4436
4440
4444
4424
4432
4440
4440
4444
4428
4440
4436
4436
4428
4444
4432
4440
4432
4440
4436
4456
15412
4468
4436
4468
4436
4424
4448
4448
4448
4444
4448
4448
4452
4448
4448
4436
4440
4448
4456
4448
4440
4440
4452
4436
4440
4432
4440
4436
4436
4436
4436
4448
4456
4448
4440
4448
4448
4448
4444
4464
4456
4436
4436
4436
4444
4440
4436
4444
4452
4432
4440
4432
4440
4436
4440
4440
4472
4436
4452
4448
4440
4436
4448
4448
4440
4436
4436
4436
4440
4436
4448
4448
4436
