3328
3204
3200
3212
3204
3192
3200
3204
3208
3200
3200
3200
3208
3212
13396
3204
3204
3200
3196
3200
3192
3208
3204
3192
3204
3200
3204
3204
3212
3208
3208
3200
3200
3192
3208
3212
3200
3200
3192
3212
3196
3216
3200
3204
3192
3200
3200
3232
3208
3204
3204
3212
3192
3208
3200
3200
3200
3212
3200
3200
3212
3208
3196
3200
3204
3200
3200
3200
3196
3212
3204
3200
3200
3192
3204
3212
3204
3204
3204
3204
3216
3200
3212
3196
3208
3192
3204
3204
3192
3200
3200
3200
3204
3208
3200
3212
3208
3196
3200
3204
