0.444544
0.337131
0.447411
0.5874
0.601576
0.600851
0.56892
0.574449
0.577502
0.567496
0.566038
0.593531
0.601536
0.58384
0.584956
0.591645
0.566929
0.589455
0.577089
0.588235
0.600866
0.593966
0.590788
0.604491
0.601556
0.606702
0.465116
0.54722
0.594178
0.587575
0.583042
0.57689
0.590009
0.602586
0.593939
0.601032
0.607672
0.593235
0.586597
0.589147
0.581174
0.570044
0.582971
0.565988
0.571685
0.573105
0.566667
0.571683
0.559459
0.568121
0.563985
0.56453
0.488656
0.59507
0.578671
0.586572
0.444124
0.599656
0.587069
0.588994
0.60451
0.569588
0.592756
0.612017
0.598797
0.589088
0.603679
0.599138
0.600343
0.605354
0.595341
0.581436
0.601717
0.608355
0.599653
0.613617
0.60052
0.591443
0.596003
0.587868
0.58726
0.588957
0.490494
0.462308
0.589947
0.60241
0.550661
0.596522
0.600173
0.589005
0.599492
0.584575
0.566138
0.563917
0.559006
0.575993
0.549681
0.553874
0.579186
0.557041
