0.745531
0.760143
0.773557
0.770828
0.783279
0.783376
0.778298
0.779377
0.777397
0.781128
0.760842
0.780777
0.783799
0.774696
0.746176
0.777713
0.777438
0.781504
0.780221
0.775472
0.780063
0.775757
0.772421
0.779367
0.778694
0.779131
0.781189
0.781287
0.779607
0.783774
0.78265
0.777013
0.779098
0.786028
0.783797
0.781474
0.784028
0.775882
0.78056
0.788203
0.782357
0.786694
0.777012
0.776738
0.778076
0.773998
0.777458
0.761374
0.773251
0.769954
0.776228
0.77309
0.773258
0.777189
0.776632
0.779261
0.779368
0.781174
0.775064
0.782831
0.774407
0.773192
0.771991
0.776485
0.770163
0.783352
0.779816
0.777905
0.781237
0.776173
0.782217
0.780725
0.776181
0.779117
0.779657
0.776505
0.77277
0.776908
0.781687
0.787437
0.752196
0.781371
0.774993
0.784657
0.780106
0.776795
0.783505
0.780997
0.781299
0.785732
0.772678
0.781495
0.783737
0.781242
0.782605
0.781913
0.786574
0.655424
0.578139
0.578159
