0.520814
0.576258
0.613748
0.622296
0.632585
0.625521
0.617913
0.61952
0.626427
0.61627
0.524604
0.575521
0.620893
0.593178
0.581479
0.578859
0.619512
0.642217
0.610368
0.614626
0.599833
0.597653
0.593305
0.589167
0.59778
0.617527
0.608769
0.59322
0.612635
0.608439
0.622424
0.589194
0.593003
0.598154
0.59676
0.617039
0.598007
0.599665
0.603188
0.606474
0.58769
0.615123
0.627907
0.612664
0.604845
0.616162
0.599149
0.616323
0.61882
0.60081
0.618776
0.62206
0.620717
0.607973
0.622565
0.628641
0.610754
0.62314
0.59934
0.615132
0.608696
0.602595
0.604183
0.630682
0.604217
0.619205
0.597981
0.611794
0.605681
0.614108
0.607438
0.619556
0.610649
0.611953
0.601529
0.58
0.590331
0.609917
0.612985
0.625948
0.583627
0.610927
0.649682
0.633655
0.59714
0.603694
0.612876
0.616239
0.616212
0.622626
0.615635
0.634347
0.614996
0.595816
0.620033
0.621689
0.636958
0.480987
0.380198
0.368842
