0.696125
0.56402
0.736896
0.788404
0.794253
0.785482
0.784932
0.787084
0.790323
0.792985
0.770489
0.786683
0.797405
0.793397
0.794823
0.788936
0.788366
0.792611
0.789527
0.797548
0.799007
0.789756
0.793495
0.800461
0.799931
0.795681
0.712963
0.785378
0.790785
0.793126
0.790157
0.788222
0.799514
0.795401
0.794242
0.790292
0.794696
0.797664
0.795719
0.793845
0.794023
0.784875
0.797123
0.795301
0.791907
0.795594
0.79636
0.795223
0.797221
0.801029
0.796936
0.798196
0.775666
0.79263
0.784192
0.78868
0.738126
0.794265
0.785637
0.789701
0.793684
0.792374
0.794794
0.794491
0.793436
0.789272
0.796112
0.795065
0.790691
0.79018
0.793028
0.791138
0.796769
0.800903
0.793122
0.79499
0.79259
0.791733
0.79273
0.795673
0.792012
0.801113
0.712352
0.682447
0.79717
0.796197
0.782448
0.797241
0.790243
0.796009
0.785808
0.792861
0.790827
0.790102
0.797245
0.791041
0.797956
0.794205
0.801659
0.792225
