0.749405
0.695555
0.712715
0.792186
0.702944
0.658031
0.734256
0.628593
0.72489
0.795548
0.700963
0.662273
0.733107
0.628263
0.717575
0.795178
0.708845
0.664335
0.702373
0.6777
0.658444
0.703481
0.629122
0.729341
0.799661
0.703476
0.662027
0.7692
0.792118
0.704098
0.666799
0.734197
0.689813
0.732048
0.777366
0.704592
0.661127
0.731228
0.642499
0.767015
0.798268
0.724342
0.795706
0.737802
0.662834
0.766361
0.710911
0.666649
0.677342
0.66027
0.68147
0.62277
0.711292
0.794031
0.720114
0.797652
0.793761
0.789799
0.792821
0.796866
0.794587
0.79565
0.790421
0.802842
0.797005
0.797545
0.801431
0.801422
0.792403
0.784646
0.788835
0.796613
0.761871
0.794902
0.720783
0.791626
0.737634
0.663313
0.763774
0.798075
0.722112
0.795651
0.801219
0.793525
0.79837
0.771906
0.795571
0.657156
0.792451
0.739802
0.66472
0.768989
0.79594
0.721771
0.797288
0.738456
0.666337
0.765167
0.796833
0.704855
