0.524034
0.547858
0.472664
0.36849
0.379288
0.383492
0.446043
0.490894
0.382022
0.414268
0.384416
0.388854
0.484091
0.584192
0.589873
0.583691
0.585179
0.590331
0.584525
0.587329
0.585387
0.576724
0.608074
0.594017
0.593121
0.593074
0.597998
0.577293
0.564663
0.578947
0.575221
0.596718
0.587189
0.593085
0.599644
0.593978
0.598039
0.597484
0.599821
0.603925
0.615658
0.603873
0.600177
0.562855
0.593668
0.587425
0.605035
0.603806
0.584427
0.581642
0.593723
0.559748
0.598432
0.592275
0.592814
0.600515
0.595218
0.588083
0.589516
0.571429
0.601032
0.583039
0.574318
0.585088
0.61889
0.577858
0.572807
0.594805
0.584939
0.584775
0.593454
0.590909
0.611205
0.587712
0.575655
0.588438
0.594664
0.598485
0.577526
0.608475
0.608475
0.590948
0.586265
0.592905
0.554191
0.608544
0.593991
0.595638
0.605442
0.59485
0.598478
0.58959
0.593643
0.604572
0.596268
0.599485
0.571551
0.588542
0.565812
0.576187
