0.721568
0.739046
0.710525
0.777736
0.683466
0.631403
0.632639
0.620194
0.782054
0.683048
0.690876
0.710092
0.740278
0.751807
0.779998
0.709272
0.777638
0.778938
0.779958
0.786039
0.756585
0.780477
0.781676
0.779833
0.787538
0.751404
0.692559
0.617265
0.671244
0.713039
0.781159
0.660526
0.645372
0.78046
0.69137
0.647824
0.78035
0.693744
0.649946
0.785737
0.69217
0.652101
0.78588
0.694166
0.653723
0.785899
0.691305
0.654155
0.786392
0.695699
0.715854
0.787477
0.709779
0.782921
0.782947
0.783331
0.787464
0.751386
0.781506
0.710637
0.782111
0.780424
0.778523
0.782357
0.756944
0.7861
0.78258
0.778073
0.784274
0.646498
0.772354
0.690525
0.650254
0.783585
0.682734
0.650934
0.783193
0.692485
0.651394
0.785943
0.696496
0.651912
0.785677
0.693266
0.652053
0.785312
0.695545
0.646538
0.782697
0.69218
0.649909
0.783987
0.691109
0.65225
0.785386
0.691714
0.6511
0.78555
0.693206
0.647435
