0.503889
0.522308
0.531646
0.59351
0.532852
0.421944
0.4136
0.42806
0.587124
0.509489
0.436952
0.548666
0.589702
0.574225
0.579084
0.553895
0.601041
0.593103
0.592685
0.609158
0.559268
0.598333
0.595278
0.565106
0.597973
0.55655
0.488441
0.428152
0.405749
0.470423
0.587219
0.489019
0.405405
0.586735
0.522003
0.440256
0.60052
0.499611
0.430836
0.597246
0.507474
0.427227
0.573192
0.526236
0.440928
0.573814
0.508021
0.4375
0.590753
0.517774
0.456165
0.602085
0.533333
0.59676
0.595197
0.60339
0.610325
0.544201
0.580426
0.538095
0.592469
0.601681
0.597116
0.604459
0.566474
0.609129
0.59102
0.583405
0.585739
0.457618
0.566202
0.516053
0.413994
0.58087
0.482063
0.412791
0.578448
0.519787
0.418404
0.580702
0.515576
0.409292
0.578807
0.484561
0.427437
0.589005
0.529915
0.422445
0.591659
0.524578
0.426909
0.588752
0.520424
0.424779
0.601868
0.481394
0.43469
0.593939
0.525581
0.400591
