3288
3220
3200
3196
3196
3200
3196
3200
3204
3220
3192
3200
3216
3216
3204
3220
3192
3224
3192
3192
3204
3196
3192
3196
3196
3200
3196
3220
3192
3216
3192
3196
3192
3192
3204
3216
3196
3216
3196
3200
3188
3220
3220
3204
3204
3208
3200
3196
3216
3216
3212
3192
3188
3196
3200
3200
3196
3220
3212
3224
3216
3220
3212
3200
3200
3200
3196
3212
3200
3284
3220
3216
3224
3204
3192
3216
3220
3204
3192
3200
3200
3196
3192
3208
3192
3208
3192
3196
3192
3192
3196
3200
3196
3216
3196
3196
3192
3200
3196
3220
