4944
4700
4480
4492
4508
4504
4476
4520
4492
4476
4488
4476
4484
4484
4468
4524
4508
4520
4512
4504
4532
4484
4528
4508
4500
4524
4488
4500
4484
4476
4476
4476
4504
4464
4496
4520
4476
4472
4484
4476
4492
4496
4516
4500
4484
4548
4532
4500
4516
4500
4504
4468
4464
4472
4476
4460
4480
4484
4512
4496
4480
4492
4456
4480
4496
4504
4520
4532
4476
4528
4508
4484
4524
4492
4504
4496
4484
4484
4480
4512
4464
4516
4516
4500
4560
4456
4452
4480
4488
4472
4504
4548
4548
4508
4504
4536
4504
4508
4492
4464
