0.791292
0.811867
0.725943
0.743158
0.822071
0.728068
0.684423
0.732696
0.661
0.816796
0.825145
0.821433
0.795813
0.821334
0.726632
0.684144
0.791272
0.82478
0.732174
0.689974
0.796873
0.823859
0.731028
0.690642
0.81501
0.725302
0.7525
0.822222
0.730981
0.687005
0.792253
0.824365
0.727705
0.686655
0.823497
0.731526
0.665236
0.785263
0.820366
0.729249
0.672964
0.697934
0.759253
0.823969
0.765855
0.690327
0.795956
0.823727
0.733299
0.685931
0.764744
0.662635
0.820312
0.823766
0.82459
0.794033
0.820528
0.724147
0.680396
0.757634
0.662632
0.818398
0.822084
0.82262
0.800639
0.822287
0.72825
0.68194
0.760661
0.625262
0.723233
0.818948
0.827888
0.707534
0.69509
0.74555
0.685982
0.728985
0.635555
0.650724
0.774978
0.730979
0.685846
0.791421
0.827883
0.73297
0.68874
0.795159
0.824194
0.737782
0.687308
0.822554
0.72728
0.682272
0.761447
0.652273
0.750227
0.819817
0.817574
0.81754
