7268
6892
6860
6864
6832
6880
6868
6844
6852
6868
6828
6836
6812
6832
6832
6856
6852
6828
6868
6848
6840
6884
6828
6828
6872
6848
6860
6828
6832
6848
6812
6808
6828
6856
6848
6828
6812
6864
6844
6828
6828
6820
6880
6820
6812
6876
6848
6876
6864
6896
6772
6876
6824
6804
6872
6844
6840
6880
6832
6824
6848
6832
6844
6900
6828
6860
6852
6832
6852
6876
6880
6864
6884
6884
6852
6844
6864
6836
6828
6884
6820
6836
6792
6852
6892
6832
6780
6844
6816
6824
6808
6832
6892
6848
6828
6872
6836
6816
6852
6872
