2568
2280
2288
2284
2280
2272
2280
2280
2272
2268
2280
2292
2272
2280
2272
2268
2276
2272
2268
2284
2268
2268
2272
2276
2268
2272
2276
2268
2264
2272
2272
2268
2280
2268
2288
2272
2272
2268
2280
2288
2276
2268
2284
2276
2272
2280
2280
2272
2280
2284
2284
2276
2280
2276
2276
2272
2272
2272
2280
2276
2268
2280
2276
2284
2288
2276
2300
2272
2276
2288
2272
2268
2280
2268
2276
2276
2276
2272
2268
2284
2268
2268
2268
2280
2272
2268
2272
2280
2276
2264
2272
2268
2280
2280
2272
2272
2276
2268
2268
2268
