0.737099
0.751369
0.641272
0.535036
0.541117
0.586711
0.680487
0.678645
0.670823
0.711548
0.786715
0.782395
0.787902
0.788091
0.790303
0.793873
0.792621
0.787336
0.788474
0.790766
0.789235
0.789681
0.794672
0.796808
0.789621
0.793453
0.785695
0.786176
0.698258
0.676977
0.790651
0.789009
0.788772
0.776306
0.72851
0.626353
0.623846
0.626284
0.630004
0.626612
0.623045
0.668701
0.787094
0.786007
0.782921
0.794298
0.793221
0.75119
0.78865
0.792771
0.779274
0.791322
0.792399
0.78274
0.795858
0.79016
0.785376
0.794878
0.796483
0.782059
0.790884
0.789326
0.794395
0.79442
0.70435
0.783536
0.78683
0.790399
0.781563
0.787844
0.79134
0.780212
0.793467
0.790273
0.782135
0.78538
0.788293
0.784286
0.792549
0.797335
0.778364
0.795908
0.791101
0.782247
0.788328
0.791946
0.790639
0.79307
0.785286
0.789752
0.797272
0.782892
0.788615
0.7965
0.783493
0.792526
0.788732
0.775443
0.794541
0.796536
