0.494784
0.385422
0.348283
0.442799
0.60151
0.530692
0.605049
0.492803
0.631161
0.513919
0.365223
0.428135
0.432836
0.605242
0.518544
0.41735
0.588235
0.494269
0.43413
0.614298
0.515559
0.401547
0.603041
0.496774
0.423469
0.627175
0.493984
0.443073
0.580534
0.475098
0.474734
0.617021
0.508267
0.41396
0.581081
0.48557
0.4242
0.609548
0.494624
0.439353
0.59817
0.512658
0.416201
0.592561
0.485127
0.403631
0.615706
0.459498
0.408206
0.603774
0.497845
0.420041
0.599829
0.504286
0.428474
0.610829
0.490647
0.415107
0.597403
0.492795
0.417921
0.61194
0.515152
0.445726
0.610084
0.498258
0.373904
0.555556
0.404101
0.447083
0.603003
0.49608
0.422037
0.574183
0.507801
0.432745
0.588134
0.513458
0.431664
0.6159
0.513019
0.431465
0.602542
0.481105
0.426129
0.604496
0.505666
0.415237
0.603028
0.482759
0.422267
0.635756
0.502125
0.418733
0.617893
0.482512
0.366468
0.555105
0.466026
0.59983
