0.553488
0.610313
0.595798
0.566254
0.451868
0.388923
0.377395
0.368754
0.359073
0.403859
0.312748
0.281946
0.391622
0.340666
0.40028
0.383438
0.442063
0.397203
0.41508
0.574294
0.589364
0.607021
0.572064
0.578182
0.575514
0.575623
0.594714
0.581916
0.585635
0.579963
0.60424
0.583557
0.588602
0.588546
0.581688
0.564576
0.564663
0.585502
0.567477
0.602879
0.588433
0.573333
0.597572
0.611542
0.595341
0.620981
0.614592
0.59083
0.621417
0.615123
0.601868
0.603284
0.61204
0.574188
0.59861
0.596038
0.624138
0.60241
0.607706
0.587204
0.585451
0.595819
0.58427
0.583189
0.598949
0.611584
0.617295
0.619828
0.602353
0.585664
0.5777
0.599138
0.598162
0.606112
0.6
0.613074
0.583118
0.603707
0.624476
0.598622
0.599656
0.602431
0.615514
0.579333
0.592809
0.577158
0.598131
0.583851
0.595671
0.594077
0.608202
0.587456
0.588287
0.591623
0.578355
0.599652
0.589676
0.594112
0.626348
0.594356
