524472
524412
524408
524452
524416
524448
524412
524740
524416
524568
524412
524416
524412
524416
524420
524416
524536
524580
524728
524700
524412
524412
524412
524448
524708
524768
524444
524416
524580
524684
524412
524416
524756
524732
524448
524416
537604
524416
524412
524416
524748
524728
524416
524412
524432
539736
524412
524704
524452
524416
524412
524724
524412
524412
536804
524412
524416
524416
524412
524580
524404
524412
524412
524784
524516
524408
524416
524416
524456
524412
524416
524412
524540
524412
524420
524688
524780
524416
524412
524568
524412
524416
524580
524416
524412
524420
524656
524532
524428
524564
524416
524416
524492
524412
524760
524476
524448
524416
524756
524712
