3258888
3307904
3282792
3288724
3280064
3321380
3280104
3289280
3096124
3067968
3089964
3043044
3110488
3062284
3052812
3095932
3057908
3053192
3052384
3053388
3083384
3059060
3052628
3043108
3045464
3084412
3060356
3042692
3054108
3074032
3083164
3063416
3070036
3079320
3053268
3094788
3043116
3054300
3069536
3047476
3042768
3058620
3055580
3091204
3046408
3065940
3067104
3045156
3124988
3055352
3098336
3046992
3063220
3078800
3071580
3048100
3065484
3061440
3101532
3059004
3066536
3100484
3057676
3077948
3041964
3034752
3104272
3036652
3062944
3074144
3037764
3069340
3055360
3049996
3056368
3047176
3073052
3044540
3037900
3074016
3063592
3092020
3036404
3031184
3085472
3056984
3138908
3050556
3061552
3077532
3040404
3099456
3062120
3060816
3078436
3065608
3042040
3047372
3037444
3047720
