470841
470611
470573
470573
470573
470573
470573
470573
470596
470573
470570
470573
470620
470573
470573
470573
470599
470570
470573
470596
470573
610159
470573
470596
717146
470573
470620
470573
470570
470573
470573
561370
470606
470570
470573
470593
470573
470573
470573
470573
470573
470808
470593
470596
470570
557930
470573
470570
470570
470576
470570
470593
470570
470593
470573
470573
470573
470573
670677
470596
470593
470570
470573
470573
470573
470573
470570
470573
470570
470570
470573
470570
470576
470570
470573
470596
470573
470573
470573
470596
470573
470573
470573
470573
470596
470573
470573
470808
470596
470573
470573
476697
470573
470573
470573
470573
470573
470573
470573
470573
