1815392
1743568
1721588
1720304
1719716
1728636
1711744
1715592
1718428
1711984
1714104
1711856
1736404
1715368
1710056
1718212
1717624
1714752
1711616
1725952
1714704
1711924
1712340
1710124
1710492
1710776
1723984
1710240
1709544
1730552
1711708
1713800
1709960
1729696
1709500
1744348
1718240
1715096
1709076
1710456
1726708
1709016
1711696
1718020
1713000
1712980
1712848
1727368
1747056
1715648
1720048
1713760
1715432
1707496
1721940
1710872
1710752
1765944
1709712
1707956
1708756
1709536
1711992
1716560
1734896
1714472
1709216
1714480
1710004
1711660
1714560
1733228
1708560
1707456
1710404
1711084
1707100
1716304
1732400
1713404
1706772
1710420
1709192
1710112
1707644
1726784
1718280
1713000
1715548
1764108
1715508
1715004
1736080
1713464
1708112
1710656
1715284
1708768
1709424
1722920
