470790
470591
470588
470617
470608
470594
470847
470597
470620
470588
470591
470585
470597
470588
470594
470588
470617
470588
472548
470808
470611
470597
470611
470617
470585
470811
471356
470611
470611
470588
470617
470585
470588
470588
470611
470608
470617
471600
470611
470594
470611
470608
470588
470585
476042
470585
470591
470611
470585
470611
470585
470611
470585
470611
470585
470608
470585
470585
470620
471568
470620
470611
470617
470611
470585
470591
470588
470611
470585
470588
470588
470611
470588
470585
470585
470608
470585
470588
470588
470585
470588
470591
470588
470611
470585
470611
470585
470611
470611
470588
470608
470585
470585
470620
470608
470591
470611
470585
470588
472571
