2873059
1593480
3121776
1581583
1495451
1513364
1475186
1484027
1466706
1482165
1472699
1526050
1497026
1493326
1483738
1466798
1472607
1465907
1469667
1479401
1479681
1467051
1718661
1532964
1719259
1522274
1508295
1511979
1483669
1501292
1481096
1507010
1516385
1475832
1523248
1484867
1492811
1633684
1527814
1515583
1489049
1533819
1509430
1497738
1535717
1498628
1509290
1472526
1498515
1618218
1601811
1527117
1467084
1487321
1606911
1474474
1470241
1472088
1514395
1478999
1475663
1494786
1492031
1472207
1475010
1486874
1472940
1468877
1472907
1467191
1474173
1472165
1467146
1471602
1478245
1482633
1471653
1504649
1474117
1472550
1483118
1481495
1471418
1465759
1510737
1490675
1477080
1470542
1470834
1475314
1482391
1468332
1465821
1474930
1529235
1492475
1543628
1715316
1544626
1483729
