2866762
1573856
3058776
1556767
1515875
1477947
1477530
1470697
1472770
1470935
1470721
1502409
1502453
1494727
1498438
1462279
1478201
1470367
1479001
1474998
1464180
1467019
1472416
1467140
1491834
1500243
1479672
1473101
1474992
1479729
1464826
1479502
1489699
1470926
1526373
1476392
1477408
1463497
1481197
1472413
1488194
1468207
1472424
1483375
1476598
1494095
1476470
1473727
1467772
1478206
1466765
1837134
1485528
1469839
1492758
1474399
1472910
4792945
1540572
1468710
1477828
1553285
1475049
1470062
1506963
1477694
1473011
1474939
1472228
1478030
1473908
1480003
1463414
2074949
1503746
2012852
1587764
1509471
1519093
1473861
1529128
1643594
1481736
1517245
1570928
1517740
1659372
1521407
1509676
1492650
1513254
1479809
1515083
1516069
1474825
1544251
1474161
1513031
1508711
1475966
