470704
470614
470570
470588
470570
470573
470570
470611
470570
470573
470573
470573
470814
470596
470573
471061
470573
470573
470570
470570
470593
470573
470573
470573
512731
470573
470573
470573
470573
470588
470570
470570
471079
470573
470573
470573
470596
476235
470573
470573
470614
470573
470596
470570
470573
470573
470599
470573
470596
470593
470579
470570
470573
470596
470596
470596
470596
470570
470596
470593
470573
470811
470573
476235
470596
470573
470573
470573
470573
470573
470591
470588
470570
470573
470573
470596
476030
470573
470573
470573
470573
470573
470573
470573
470596
470596
478001
470570
470573
470573
470570
470593
470611
470573
470602
470573
470588
470573
470573
471020
