4398636
2855074
7936871
2846617
2819493
2780135
2788913
2767475
2768879
2764464
2735448
2759549
2752516
2826886
2750687
2750806
2757166
2737086
2722449
4922796
2768881
2761110
2749933
2741361
2721576
2755161
2714496
2736905
2748587
2737631
2726971
2743252
2725776
2755405
2739854
2745152
2752090
2740417
2729148
2712569
2737691
2747270
2728239
2854845
2826016
2743327
2763648
2743172
2737450
2735236
2732326
2740640
2878927
2785497
2761914
2767484
2745573
2749034
2727513
2770439
2743187
2747991
2846162
2752608
2736717
2743770
2762355
2733015
2736535
2729369
2728731
2715294
2720096
2728404
2737754
2720298
2766745
2727653
2818948
2756984
2784710
2813505
2784034
2775876
3208171
2799753
2778393
2802505
2710540
2735728
2750198
2740873
2743092
2759332
2758098
2732890
2710847
2727644
2740753
2741507
