2728591
3283408
2970311
3201511
3080226
2079280
1910258
1899883
3390401
2115552
2498860
1868357
1979037
1930645
1950266
1818487
1839374
1889744
1865381
1784914
1851994
1872086
1883801
2608533
9877405
2363513
1965638
1951856
2404587
1723138
1868473
1881606
2351625
1794854
1843452
1843988
2341485
1900041
1835123
1831343
2007150
1931089
1885425
1870886
1926302
1955699
1740498
1909317
2067931
1954909
2043359
1856600
1886581
1936203
1959869
1809262
1929376
1997946
2139063
1842963
1797320
2422765
1984450
1819244
1821948
1949533
1902529
1933019
1835504
1896917
1888234
1910139
1834357
1883670
2211935
1913803
1753330
1816411
1978420
1892502
1789939
1827816
1943823
1875407
2025645
1757778
1938896
2194006
1966985
1803784
1899264
1823476
1904935
1721717
1889732
1857555
2210153
1784008
1865804
2178766
