0.527735
0.289875
0.254757
0.250133
0.202298
0.186758
0.227061
0.173573
0.184971
0.216681
0.226445
0.209119
0.22905
0.2245
0.24071
0.227433
0.254381
0.255138
0.25014
0.218929
0.24059
0.221367
0.269316
0.262238
0.190816
0.175404
0.199664
0.203088
0.1875
0.174976
0.196068
0.190206
0.212616
0.179376
0.212675
0.17355
0.207455
0.169323
0.193672
0.182573
0.223479
0.173368
0.200538
0.175274
0.17206
0.149598
0.170466
0.198238
0.258186
0.248343
0.261453
0.271777
0.206095
0.226723
0.258371
0.277681
0.196039
0.195034
0.193548
0.187532
0.192039
0.175026
0.182422
0.182005
0.234008
0.224184
0.263273
0.238193
0.193418
0.222337
0.249612
0.232432
0.266451
0.238095
0.251515
0.252322
0.220444
0.207287
0.258658
0.230246
0.242872
0.218593
0.259817
0.219796
0.228184
0.227861
0.243498
0.236392
0.245479
0.237173
0.239634
0.239634
0.210846
0.231289
0.238537
0.243243
0.236932
0.243716
0.227362
0.25669
