1.28756
1.03795
0.977815
1.02527
0.985449
1.02268
0.904512
0.895157
0.9064
0.909911
0.911076
0.906521
0.903627
0.901046
0.906942
0.903902
0.915073
0.931879
0.911346
0.959062
1.01735
1.02632
1.06964
1.0037
1.0129
1.05587
1.02403
0.940024
0.958214
1.02079
1.00752
1.01248
1.01735
1.00578
1.00919
1.01494
1.00732
1.00493
1.01285
1.02374
1.00521
1.00816
1.00982
1.00382
1.01093
1.01091
1.01526
1.01457
1.00851
1.00665
1.01536
1.01325
1.01979
1.01388
0.858346
0.917392
0.912351
0.933598
0.928965
0.9349
0.895967
0.907211
0.89891
0.912906
0.90121
0.901648
0.91134
0.904677
0.9118
0.90555
0.899328
0.907776
0.904386
0.901504
0.90447
0.913394
0.902965
0.899793
0.90427
0.911224
0.904132
0.904568
0.90137
0.90782
0.91016
0.906451
0.90516
0.909397
0.902442
0.906324
0.903854
0.931509
0.917839
0.912783
0.865617
0.914347
0.908381
0.89101
0.902888
0.907542
