1.23591
1.13691
0.980462
0.95322
1.01487
0.957496
0.975127
0.885376
0.897272
0.896965
0.922933
0.952333
0.896608
0.952751
0.889988
0.89499
0.959143
0.906471
0.883555
0.885007
0.896137
0.876009
0.900712
0.882337
0.898549
0.883692
0.892651
0.886169
0.889803
0.888364
0.894031
0.895269
0.881023
0.898767
0.897523
0.884418
0.938089
0.889447
0.899793
0.889853
0.89921
0.894668
0.854466
0.881571
0.895518
0.889101
0.891743
0.8931
0.896434
0.892661
0.899213
0.866288
0.896902
0.886509
0.896272
0.897617
0.893146
0.895155
0.896437
0.893818
0.892165
0.886474
0.897918
0.892774
0.894493
0.888448
0.899651
0.894843
0.894398
0.893619
0.891635
0.891453
0.893532
0.897185
0.89436
0.889675
0.895857
0.891788
0.897363
0.887239
0.900071
0.885913
0.898547
0.90851
0.901743
0.890043
0.894029
0.890988
0.89388
0.887376
0.890329
0.894451
0.893822
0.892495
0.89275
0.893203
0.680797
0.895664
0.894594
0.933795
