103712
109128
103472
108928
103108
108556
102800
107952
103556
108536
103360
111404
104404
107904
103064
108528
103752
107392
104580
108740
103436
108120
103756
108576
103112
107928
102924
108424
103012
108208
103692
107760
103120
108368
103160
107652
103764
108656
102792
107920
103588
107688
107396
103524
107620
103536
108504
103740
111504
104420
108212
103536
108372
104012
108300
102840
108268
104180
107524
102928
108424
103492
107992
103220
107580
103840
108084
103468
108144
103536
107516
103128
107756
103096
107288
103400
107628
102744
108040
102856
107308
103660
107628
102952
108540
102792
107836
103056
107772
102920
107760
103124
107504
104108
107336
103340
108116
103244
107836
102992
