0.894322
0.792347
0.731541
0.770041
0.752407
0.829348
0.701449
0.747704
0.781071
0.834983
0.741402
0.738053
0.778549
0.764651
0.736048
0.739666
0.763903
0.833655
0.749193
0.770215
0.775711
0.836043
0.790183
0.830207
0.734578
0.810113
0.752011
0.76676
0.779328
0.762987
0.749218
0.837549
0.72984
0.762973
0.830867
0.77175
0.806256
0.853549
0.752863
0.804064
0.832536
0.874435
0.84058
0.7965
0.782427
0.843458
0.789377
0.801308
0.836724
0.828531
0.790635
0.807357
0.879708
0.82804
0.714594
0.801851
0.711727
0.751515
0.880361
0.815992
0.697252
0.719475
0.703857
0.712024
0.70665
0.832043
0.707795
0.75421
0.737601
0.754911
0.792284
0.777681
0.739093
0.749774
0.738033
0.755898
0.728784
0.748078
0.734884
0.752047
0.737177
0.750228
0.699108
0.754306
0.732625
0.752148
0.722056
0.750569
0.738562
0.740876
0.733157
0.75441
0.726284
0.756757
0.732919
0.755496
0.738168
0.753881
0.733127
0.756745
