0.75975
0.750105
0.767961
0.657735
0.662393
0.687742
0.661933
0.661421
0.663826
0.659215
0.665177
0.657324
0.694412
0.656877
0.66634
0.66032
0.66127
0.659048
0.665013
0.661089
0.6629
0.655621
0.662878
0.65745
0.664725
0.658861
0.661371
0.656623
0.661389
0.658575
0.660503
0.666059
0.663744
0.645504
0.668821
0.658749
0.670201
0.654546
0.669754
0.662378
0.671457
0.667438
0.658125
0.666086
0.662619
0.696639
0.739603
0.710706
0.682112
0.727916
0.687133
0.746645
0.755628
0.75029
0.74995
0.745454
0.754121
0.757751
0.749096
0.768227
0.749722
0.766078
0.777485
0.765496
0.751742
0.68924
0.739879
0.75575
0.766259
0.75173
0.746446
0.657807
0.654725
0.658721
0.719148
0.685641
0.65598
0.657262
0.657523
0.655622
0.661801
0.660677
0.654445
0.686765
0.652258
0.656997
0.653616
0.658982
0.655945
0.661432
0.656722
0.658229
0.656479
0.659849
0.654575
0.658337
0.65703
0.650509
0.656119
0.659812
