0.856607
0.690028
0.779314
0.698089
0.783443
0.735553
0.7474
0.730198
0.782324
0.713215
0.905934
0.708514
0.782753
0.725381
0.716628
0.724572
0.714754
0.731
0.736688
0.731844
0.744085
0.772705
0.718474
0.737796
0.715789
0.73781
0.765019
0.661814
0.7255
0.712428
0.703291
0.700205
0.745434
0.71831
0.720269
0.696527
0.723077
0.714587
0.702253
0.717119
0.704612
0.724794
0.722165
0.695171
0.719563
0.696113
0.716833
0.820958
0.695521
0.713002
0.720229
0.699456
0.720918
0.700643
0.720497
0.724458
0.70265
0.719025
0.725241
0.702159
0.688909
0.700744
0.728958
0.716433
0.704082
0.720474
0.725089
0.706475
0.72398
0.704412
0.725051
0.720061
0.711335
0.723045
0.728694
0.70083
0.725749
0.701434
0.825985
0.716449
0.7096
0.722564
0.703472
0.671915
0.72561
0.702387
0.725088
0.722537
0.753476
0.719225
0.706168
0.719153
0.777652
0.700842
0.72542
0.719755
0.711419
0.719626
0.714484
0.713542
