0.414824
0.170814
0.239279
0.239791
0.236293
0.240058
0.229592
0.250347
0.226728
0.237869
0.245265
0.236697
0.176067
0.18222
0.175358
0.151343
0.161696
0.185507
0.175956
0.158594
0.154532
0.178744
0.156845
0.183645
0.171611
0.163158
0.148947
0.160978
0.148855
0.179745
0.154227
0.162981
0.164631
0.156749
0.150169
0.147445
0.181236
0.146818
0.15908
0.15016
0.141056
0.150704
0.148204
0.146575
0.145332
0.149234
0.13504
0.141806
0.149005
0.151893
0.150147
0.146654
0.153175
0.151163
0.142646
0.147949
0.149743
0.150219
0.148166
0.158284
0.152142
0.137774
0.149319
0.145138
0.141254
0.161494
0.137197
0.136026
0.149188
0.140589
0.159353
0.145803
0.132715
0.145843
0.161877
0.15893
0.17447
0.160557
0.18235
0.178886
0.175952
0.178785
0.180252
0.192479
0.180846
0.177397
0.178624
0.181546
0.175126
0.186722
0.172123
0.166169
0.170129
0.1662
0.168133
0.16541
0.176089
0.172127
0.177222
0.14854
