0.632195
0.648051
0.682955
0.675462
0.662493
0.690992
0.660656
0.69483
0.67585
0.651471
0.685419
0.708414
0.661426
0.682783
0.675146
0.684575
0.689304
0.663504
0.68596
0.708691
0.652199
0.675045
0.658592
0.679617
0.683402
0.659598
0.686845
0.670165
0.686263
0.678571
0.673523
0.707998
0.670475
0.656725
0.675224
0.649914
0.594519
0.684087
0.659753
0.680888
0.678363
0.663328
0.762653
0.673262
0.66626
0.664842
0.660249
0.672716
0.659977
0.662758
0.685965
0.660556
0.686366
0.678276
0.682727
0.680417
0.645124
0.683082
0.673691
0.661417
0.674955
0.682166
0.664444
0.681604
0.666851
0.67724
0.70257
0.672581
0.668719
0.671922
0.643224
0.678127
0.666305
0.677437
0.680328
0.665752
0.684393
0.6811
0.68595
0.692913
0.653692
0.672518
0.670421
0.657418
0.672014
0.667767
0.685282
0.679167
0.667222
0.679167
0.699613
0.664474
0.665012
0.657984
0.676488
0.671723
0.663499
0.68307
0.685665
0.658333
