130168
134180
134472
136832
134952
128076
133628
134332
133548
135824
128460
133644
134844
128900
135628
135204
133872
135260
128584
133448
134100
128972
133624
134432
133108
134400
128852
133504
134364
128420
134324
134020
133324
134596
128640
133496
134364
135556
135468
128124
133600
134528
128072
133732
134824
134664
135044
128068
133648
134924
128096
133752
134280
133800
135372
128900
134012
134152
128668
134928
133748
137528
134848
129068
133424
134372
128776
133508
128232
133592
142448
128332
134036
134868
133052
134680
129236
133520
134776
128872
133140
134492
134624
134528
128676
136332
134276
128264
133876
134308
133364
134940
128544
133432
134292
128408
133484
133584
133276
134088
