197364
214632
196096
202328
196132
200468
197316
200356
197136
209360
197364
209808
196732
211836
197560
205400
197192
201912
197308
202180
197108
200916
195484
201808
196968
201840
195364
202296
197376
201436
197184
201704
196992
202368
197056
201940
197216
200620
196084
202012
197208
201792
197948
202288
197180
210672
197836
202088
197372
200448
197520
202388
197144
201388
197336
201332
197308
201520
197116
201836
197536
201364
196984
201964
197660
203324
197100
202368
196724
202044
196872
201908
198056
201788
197032
201860
197072
202588
196988
201996
197040
205104
196216
202124
197060
201800
197088
202152
196868
196500
202416
197272
203752
196876
202596
196896
203348
196604
201228
195644
