878504
881172
877648
875708
882220
877376
882864
884096
877360
881136
878188
875604
881052
877424
880744
875164
877536
881392
877396
883720
876276
877396
880752
875016
876756
881052
877232
910220
876460
877360
881172
884340
875564
880980
887500
881076
903896
876856
880896
877264
875748
881116
889680
880320
875528
877476
881036
877540
875528
881400
877056
883164
875832
877940
891628
878104
881000
875764
877840
880808
875408
875396
881092
877160
881116
875140
886444
880428
877212
875540
909236
877072
884300
875460
877876
880592
877780
875348
889752
877236
880700
875404
877520
880896
877616
881144
875548
877308
881136
875048
884420
881520
877428
880520
875596
877256
884724
877436
875524
881588
