72240
69188
71392
67760
71716
68648
72468
67640
72236
67892
72300
68064
72168
67512
72308
67928
72980
67940
72260
68520
71588
68788
72396
69264
81664
68020
71784
67344
72696
68596
73080
69244
72736
67932
72548
67608
72412
67864
72244
67800
75528
67236
72728
67704
72300
67912
72120
67148
72704
67156
72264
67408
72644
67800
72508
67796
72848
67528
72348
67724
72424
66996
71764
68196
72844
67436
72084
67532
72464
67676
72344
69216
72672
67524
72292
66764
72584
68176
74056
67584
72948
67568
73884
67300
73060
68684
74124
67240
72204
68688
72404
67168
73084
67788
72268
67892
72512
67764
72416
66824
