0.826718
0.724871
0.672316
0.695865
0.725055
0.691017
0.706856
0.705479
0.772756
0.697831
0.6965
0.689189
0.709049
0.683742
0.715507
0.694549
0.702672
0.67912
0.691886
0.675549
0.693131
0.692886
0.705314
0.676349
0.704813
0.689938
0.701608
0.669929
0.692265
0.689903
0.712619
0.687145
0.708333
0.688232
0.706227
0.686071
0.697516
0.6857
0.706202
0.693089
0.696272
0.68399
0.681723
0.699944
0.690928
0.706267
0.692269
0.70684
0.671642
0.698525
0.66863
0.690313
0.684539
0.69747
0.655087
0.69783
0.674322
0.687429
0.662073
0.709936
0.680694
0.695437
0.677005
0.698954
0.67101
0.670126
0.680396
0.75225
0.667565
0.698789
0.678813
0.695995
0.678685
0.687281
0.681699
0.699277
0.680739
0.701385
0.681144
0.696987
0.672993
0.682162
0.683577
0.70524
0.659521
0.692614
0.681962
0.69222
0.671561
0.704087
0.689106
0.703908
0.681266
0.705275
0.678247
0.693584
0.661863
0.705658
0.68534
0.698509
