74548
71660
68960
74420
71744
73756
71084
68856
73428
72040
68716
73488
72524
73868
71904
69168
73956
71664
68804
74092
72252
73920
71300
69696
73696
71716
73464
72628
70272
78852
72120
68796
73244
71900
73072
72020
69012
73804
71692
68496
73928
72324
74024
71684
69108
74448
71444
68992
73612
72536
73956
71728
68800
73508
71220
73652
72332
68936
73596
71472
68884
84440
71536
73616
71464
68884
73556
71480
68804
73728
71712
73788
71624
68884
75736
71948
68708
74076
72060
73960
71616
69356
73508
71712
68708
74132
72644
75376
71724
69448
76456
73344
73608
73324
68812
73736
71604
68732
74176
72136
