0.339562
0.141565
0.115286
0.14447
0.122732
0.128664
0.118922
0.146584
0.164545
0.165623
0.143559
0.145913
0.156723
0.146881
0.124362
0.128837
0.134248
0.133462
0.138272
0.158465
0.157768
0.161565
0.150718
0.154624
0.141916
0.142994
0.131446
0.123905
0.14824
0.132555
0.139355
0.164948
0.161372
0.157421
0.157445
0.184823
0.108954
0.139464
0.139826
0.138903
0.125767
0.138543
0.128738
0.129017
0.161637
0.168857
0.161841
0.157922
0.160327
0.137699
0.123975
0.140811
0.13774
0.137475
0.133659
0.130134
0.161587
0.170591
0.152983
0.144781
0.148244
0.134929
0.13253
0.127572
0.132726
0.144693
0.129048
0.120151
0.172695
0.163369
0.148601
0.141476
0.136364
0.141148
0.133435
0.131968
0.128902
0.12359
0.135714
0.130987
0.155631
0.168596
0.146687
0.161443
0.153846
0.121739
0.130061
0.134467
0.128329
0.143294
0.134735
0.135545
0.177551
0.145622
0.157548
0.159184
0.147283
0.127747
0.124054
0.134615
