1.02873
0.933175
0.789236
0.804992
0.767793
0.688116
0.740825
0.845114
0.795484
0.800102
0.800891
0.791708
0.789074
0.80778
0.787113
0.808742
0.809254
0.86632
0.795521
0.802782
0.835433
0.790872
0.81113
0.840819
0.796196
0.79728
0.797052
0.8037
0.868302
0.739099
0.70268
0.712484
0.708575
0.686062
0.708936
0.706769
0.707946
0.698596
0.711576
0.743121
0.693851
0.709779
0.70652
0.702568
0.7161
0.731943
0.701293
0.7088
0.7081
0.704079
0.709221
0.708258
0.709302
0.705556
0.709814
0.701793
0.708568
0.711754
0.705178
0.704009
0.712802
0.698365
0.708708
0.70773
0.70873
0.70481
0.708036
0.702498
0.703194
0.706569
0.708779
0.701507
0.711427
0.708956
0.59469
0.698228
0.738755
0.7015
0.706728
0.712402
0.702705
0.711071
0.716341
0.703544
0.710898
0.708019
0.700423
0.703176
0.708412
0.711288
0.700897
0.70847
0.703515
0.700255
0.712724
0.712539
0.702877
0.715791
0.710653
0.698556
