0.385061
0.200865
0.203192
0.197645
0.2064
0.195671
0.203054
0.202195
0.203245
0.19465
0.202228
0.193237
0.219202
0.137977
0.128041
0.140552
0.135749
0.123329
0.136444
0.133901
0.130711
0.133423
0.132829
0.133574
0.139423
0.149666
0.144921
0.128195
0.137691
0.128333
0.13274
0.141518
0.132124
0.158626
0.143639
0.147508
0.129046
0.13805
0.133728
0.127232
0.134465
0.12775
0.142489
0.131744
0.128322
0.133333
0.122844
0.129221
0.133391
0.128559
0.134003
0.124161
0.130623
0.11957
0.123179
0.144105
0.119619
0.121094
0.135019
0.120819
0.112664
0.118772
0.106911
0.111934
0.114227
0.120879
0.120226
0.119359
0.124202
0.112218
0.112769
0.114937
0.108515
0.111408
0.108619
0.104536
0.102609
0.104444
0.10377
0.105097
0.0989975
0.101877
0.114222
0.106838
0.103313
0.0982503
0.119145
0.161787
0.156839
0.172052
0.107409
0.105983
0.115483
0.112836
0.120802
0.105286
0.107692
0.11645
0.124782
0.107311
