0.932412
0.57913
0.697846
0.671668
0.676232
0.692354
0.667531
0.691244
0.667027
0.692877
0.673279
0.67403
0.6793
0.669139
0.666489
0.673262
0.733805
0.686053
0.686499
0.658086
0.744246
0.683272
0.732248
0.705578
0.677344
0.769179
0.686806
0.714436
0.704201
0.691785
0.686584
0.703816
0.672577
0.704259
0.692027
0.66804
0.705174
0.68102
0.706731
0.69951
0.671866
0.704149
0.699819
0.678613
0.699017
0.666476
0.686739
0.703436
0.671529
0.702359
0.699579
0.675204
0.700957
0.662085
0.616601
0.692264
0.662983
0.74647
0.658969
0.671474
0.702976
0.678137
0.685531
0.693843
0.676391
0.685099
0.685927
0.668999
0.681254
0.657343
0.692658
0.681091
0.673567
0.691471
0.659514
0.693007
0.673034
0.674595
0.692044
0.687174
0.670288
0.679465
0.669785
0.689914
0.687825
0.663894
0.691422
0.691379
0.661538
0.701284
0.656129
0.733506
0.654361
0.627481
0.673711
0.682659
0.655431
0.693169
0.663043
0.686446
