0.993475
0.775394
0.807801
0.758179
0.737633
0.686131
0.760563
0.727577
0.744681
0.686197
0.758412
0.708426
0.785507
0.770296
0.768444
0.76436
0.783476
0.727456
0.773373
0.752996
0.717348
0.699629
0.88142
0.828594
0.746532
0.716578
0.896576
0.828614
0.742339
0.725118
0.798913
0.770847
0.796271
0.715371
0.797408
0.723974
0.794138
0.726019
0.796346
0.767132
0.795423
0.768793
0.793544
0.765338
0.75
0.753247
0.742661
0.68315
0.779305
0.755088
0.875946
0.818979
0.733897
0.755102
0.878104
0.822632
0.740998
0.765424
0.801356
0.771084
0.779627
0.770741
0.75125
0.773099
0.772305
0.701365
0.780089
0.749326
0.790265
0.755791
0.727273
0.707426
0.765441
0.75672
0.730094
0.748102
0.738411
0.701242
0.786131
0.755269
0.725622
0.759486
0.771076
0.710199
0.775281
0.74782
0.776884
0.748812
0.785766
0.707487
0.698795
0.78187
0.751445
0.732928
0.744926
0.784985
0.735595
0.783237
0.703822
0.776635
