0.569911
0.339728
0.323018
0.291108
0.311553
0.271281
0.301858
0.268894
0.266404
0.272929
0.309113
0.251732
0.290723
0.278099
0.271087
0.243762
0.295403
0.285829
0.267145
0.272059
0.333971
0.246086
0.300298
0.270096
0.282509
0.235107
0.263741
0.265494
0.315263
0.267634
0.258944
0.244498
0.263068
0.226559
0.257658
0.226867
0.24276
0.224215
0.259026
0.238191
0.250943
0.237765
0.24489
0.22195
0.249485
0.232028
0.254272
0.246018
0.246
0.247587
0.244481
0.248
0.241112
0.241594
0.240577
0.24517
0.232787
0.232748
0.242817
0.244812
0.237722
0.237912
0.233018
0.23044
0.219551
0.232784
0.241226
0.244108
0.228911
0.225183
0.239007
0.237367
0.236767
0.240405
0.228921
0.230605
0.235004
0.232964
0.244355
0.233433
0.244982
0.226407
0.24013
0.239455
0.227874
0.240169
0.238794
0.240102
0.230411
0.234685
0.212346
0.24055
0.236672
0.228168
0.242314
0.239186
0.225221
0.25794
0.240462
0.229987
