1.00179
0.768756
0.777611
0.773876
0.773135
0.777647
0.784137
0.776893
0.782777
0.776877
0.771823
0.77467
0.812565
0.67962
0.682097
0.684039
0.690165
0.685029
0.683202
0.684957
0.678685
0.684269
0.677878
0.686553
0.683821
0.682799
0.685113
0.682099
0.684772
0.68716
0.680088
0.688399
0.681529
0.678303
0.703019
0.678225
0.680581
0.688055
0.679806
0.68782
0.679557
0.682198
0.672731
0.681044
0.674773
0.688041
0.678875
0.681192
0.679906
0.680604
0.676827
0.681537
0.678294
0.689945
0.66782
0.681117
0.675425
0.68316
0.675608
0.683091
0.67445
0.681561
0.669104
0.679439
0.671583
0.677182
0.674107
0.683583
0.673798
0.678789
0.666571
0.688461
0.663943
0.688531
0.675584
0.684094
0.678653
0.681111
0.674144
0.685476
0.673563
0.685185
0.68013
0.684962
0.679741
0.682342
0.710767
0.789915
0.76344
0.77389
0.674996
0.677552
0.671857
0.675648
0.676533
0.681322
0.673724
0.679921
0.674286
0.677278
