1.02171
0.819077
0.846546
0.840367
0.876322
0.797402
0.800304
0.785834
0.780297
0.826729
0.805596
0.749342
0.819631
0.812363
0.76547
0.749331
0.844111
0.844194
0.79254
0.763331
0.840761
0.791635
0.813219
0.804973
0.809673
0.749842
0.766889
0.76385
0.817696
0.808056
0.728576
0.726054
0.730255
0.725992
0.730759
0.723844
0.729842
0.723948
0.727932
0.725783
0.727945
0.725053
0.730041
0.712377
0.725537
0.728497
0.728191
0.725624
0.726041
0.732006
0.724839
0.726595
0.726861
0.727089
0.726651
0.728371
0.725926
0.731216
0.728099
0.732218
0.725084
0.730621
0.726605
0.728271
0.723238
0.725335
0.725172
0.731467
0.725635
0.728756
0.723839
0.732247
0.723635
0.729981
0.72589
0.730897
0.726974
0.729391
0.727811
0.729428
0.72518
0.732386
0.726119
0.727665
0.726024
0.730857
0.726874
0.728513
0.71678
0.729927
0.724197
0.730907
0.726977
0.724657
0.724086
0.728059
0.741709
0.770523
0.716739
0.731329
