60812
65580
60976
65040
61232
60456
67132
61532
60376
64624
60692
64752
61920
60088
64760
61796
60156
70500
60016
64932
61412
60056
64688
62080
70356
61244
60480
64992
70544
60652
68896
61000
65644
60952
60012
64788
60724
60696
64772
61036
64712
60872
59884
64708
61096
59948
64804
61292
64668
61100
60076
66408
61348
64920
61816
59864
64264
61340
60204
64772
61440
64792
61236
60904
64696
61348
60840
65180
61292
64700
61548
60812
64988
61112
61128
64524
60548
64636
62668
59884
64396
61008
65540
61508
59728
64904
60928
60024
64312
61476
64980
61736
60204
65032
60916
59904
67032
61256
64500
61368
