0.924868
0.675553
0.743229
0.715955
0.792597
0.716697
0.715988
0.74026
0.72705
0.740493
0.735941
0.704306
0.725
0.740102
0.759324
0.739176
0.741207
0.702888
0.74229
0.719352
0.779121
0.744703
0.723214
0.793403
0.706575
0.744101
0.746048
0.712513
0.756846
0.747988
0.716707
0.748842
0.67179
0.739105
0.712958
0.718182
0.741034
0.741026
0.705882
0.745569
0.714861
0.736276
0.741885
0.677563
0.73783
0.739915
0.721971
0.737619
0.719263
0.738298
0.735958
0.672509
0.733061
0.724638
0.780119
0.744017
0.71665
0.736305
0.688784
0.720981
0.737146
0.727006
0.743603
0.727674
0.654485
0.726765
0.731949
0.712998
0.73261
0.766194
0.727861
0.726021
0.71009
0.730692
0.735051
0.713608
0.714212
0.719028
0.728954
0.71054
0.711557
0.737408
0.713103
0.688643
0.729376
0.719888
0.740019
0.707012
0.714489
0.726597
0.706558
0.733564
0.726462
0.717603
0.736894
0.733959
0.718574
0.734483
0.703721
0.738258
