0.364503
0.137525
0.139867
0.15243
0.151233
0.132172
0.127485
0.125162
0.15374
0.141593
0.168067
0.130489
0.142248
0.142733
0.123563
0.146174
0.132819
0.140155
0.147439
0.127157
0.150882
0.137945
0.121423
0.122399
0.139086
0.143082
0.124709
0.141429
0.151871
0.151742
0.151888
0.153043
0.181242
0.152894
0.159861
0.154468
0.163449
0.162698
0.168905
0.174849
0.158894
0.15515
0.166667
0.1633
0.154421
0.172515
0.167976
0.186556
0.151942
0.168717
0.162456
0.166117
0.165957
0.151909
0.162912
0.157391
0.152951
0.153947
0.14055
0.155408
0.152141
0.151222
0.139284
0.153205
0.159657
0.149188
0.150239
0.145492
0.159159
0.143217
0.149415
0.144858
0.134663
0.14913
0.140815
0.142319
0.148725
0.148569
0.177068
0.139326
0.13589
0.141725
0.138704
0.190045
0.136084
0.13339
0.139966
0.145062
0.150772
0.149666
0.12383
0.144057
0.154983
0.141946
0.146522
0.144168
0.138683
0.132823
0.12898
0.147046
