0.289768
0.198484
0.241084
0.176296
0.159523
0.162486
0.16344
0.149729
0.173437
0.158759
0.183445
0.153156
0.177445
0.151854
0.159598
0.138838
0.169118
0.15656
0.188525
0.146076
0.157663
0.138282
0.152655
0.148472
0.179853
0.172039
0.146287
0.155298
0.154216
0.147517
0.147651
0.154545
0.187749
0.151628
0.158223
0.135838
0.166544
0.139341
0.172465
0.162942
0.186867
0.151515
0.161089
0.155844
0.155686
0.292047
0.274006
0.163298
0.176895
0.172388
0.205662
0.19886
0.22813
0.223849
0.233155
0.225925
0.228418
0.1767
0.238906
0.224083
0.263072
0.265674
0.245021
0.221496
0.223609
0.179088
0.193583
0.230047
0.234095
0.222779
0.213311
0.15646
0.155667
0.159535
0.238989
0.147498
0.153108
0.14094
0.154834
0.146884
0.168754
0.164636
0.148592
0.152806
0.150336
0.152981
0.157153
0.164929
0.162335
0.183203
0.165193
0.159099
0.152758
0.167104
0.161982
0.177305
0.175107
0.148174
0.146289
0.158948
