2.71492
2.48733
2.52247
2.48556
2.51307
2.50131
2.51392
2.48812
2.50344
2.51939
2.50193
2.57776
2.50573
2.52032
2.49888
2.52506
2.5044
2.52642
2.50588
2.43532
2.51735
2.52459
2.50811
2.52351
2.51107
2.5164
2.51439
2.46118
2.51152
2.53464
2.48781
2.44306
2.52015
2.49821
2.49854
2.49718
2.21563
2.51199
2.51562
2.51497
2.52577
2.50768
2.53161
2.48723
2.51778
2.51912
2.5017
2.52639
2.50136
2.52738
2.5196
2.51572
2.51451
2.52937
2.47669
2.37242
2.52644
2.50835
2.5238
2.50877
2.52462
2.51889
2.51532
2.51492
2.50587
2.46977
2.50046
2.51269
2.51614
2.52475
2.45825
2.52626
2.5083
2.50884
2.52707
2.51718
2.51537
2.52535
2.48872
2.50192
2.51221
2.51842
2.51904
2.50703
2.51923
2.50613
2.52232
2.51665
2.51797
2.51497
2.50247
2.51201
2.51535
2.51318
2.51809
2.52744
2.50252
2.51841
2.51435
2.51414
