6082217
9208745
4845648
3003883
4741987
4057784
4813979
4289257
14885963
3688950
3375976
18215796
2999569
13948438
3914643
4490649
4461210
4079043
4334388
3640548
16360244
2683997
17508501
26036232
3288845
2557168
7753517
3176240
3196412
3593228
4557307
3856921
3292869
3911268
2620177
3415553
3982785
3450316
16606174
2858008
13452846
3818964
3892849
17085717
3321535
11683871
4262898
6049948
8900134
3125649
4081901
3424262
15768490
3730163
5648461
5291637
6014541
4884594
3922439
2836215
3471209
4220247
4532083
3202896
16014066
4483445
6581950
3954903
4419386
3833575
12650054
3684186
12254304
2884399
2596124
8328392
4067182
8898876
4673358
3654545
4338375
3331093
5249365
14103713
4313426
3393868
3756247
4466286
3347010
16214331
2935010
3097336
16733419
3506237
10444319
4108788
7572387
4511228
3949892
4525710
