4662517
27409661
25366229
4009307
20300569
3837313
10175711
3992076
9706455
13967662
3927962
7382075
3668775
8452747
3808305
8989319
4323166
3338671
5188296
2732007
3626280
9232390
2875394
5636013
3933541
3755128
4156662
5075428
4479196
3839396
8132543
2979898
4649011
3116813
2924529
2275694
3330141
2911019
3943362
3665270
11973229
8511547
3929320
2328268
4165644
3920557
17072400
4648184
6842234
4525780
2952395
3211389
3331368
3102719
4269787
2830978
20753821
2996468
4901757
3017504
2787500
2422596
3412837
4344728
7034063
3079510
7142450
4539596
3806296
2477571
2386565
3591021
2626296
19228557
2386717
5625264
4405345
3120728
8851132
3859773
3944470
5830550
4154181
4820668
5300662
3531014
2443441
5631983
3029073
3271812
3776587
4208843
4731671
3331509
3671211
20867040
2695188
12418391
4470539
21985074
