22394910
39986399
7726939
7223973
22337977
3930214
20198773
3506960
6819966
3697865
4390211
13079080
3362733
7125453
4422210
8094159
18192099
13120527
3755109
3505874
20615543
3844376
12683351
4258628
7147988
4186145
4603161
8324793
4351394
4015650
4257945
4216806
5367293
4345353
9625673
4399442
4650642
4701206
4667530
5514145
3969289
18454782
3298892
4089117
16610217
37077338
3679666
6167698
4970694
3971422
4863705
4255342
18186993
3891753
17657991
3577557
3625338
20036479
4207176
16721626
3508898
8630860
4423692
4575165
12545716
4372370
5795427
5051258
5550940
4307646
15535441
4726808
9039460
4197894
3673646
4559326
3798584
4107840
3582382
12469700
9363908
5208016
8030047
4461767
6350510
10577889
12947614
12374525
10367116
11647565
25201068
13295705
11607254
25326566
18083468
21579456
9949351
12343606
13068300
14395250
