20246323
24388055
10778925
11304337
10929770
10929910
11304535
10754898
10628663
10915422
10747550
10875275
11115222
11799176
10845162
10851612
10940630
10795650
10875066
11024107
11264525
11188276
11214310
10773780
11001192
10841239
11060620
11634858
11994914
10951611
11042819
10793264
10723008
10764970
11281397
10872195
10986679
10917879
10731373
10910530
11297658
10744768
10765041
11137188
10732615
10751296
11213408
10844094
10791188
11079499
11182560
10993357
10705654
11087973
10873325
11463805
10961660
11123155
11336072
10694096
10916318
10754332
10929076
12056728
21805648
18120575
10839367
11000012
11066648
10892658
10940754
10938295
10793519
11316243
10913460
10806083
11249623
10991770
10657914
11177695
10752317
11004297
11232372
11017061
10914490
11308400
11094645
33294303
10964796
10769923
11052190
11034093
10980537
10858894
10902106
10724498
10581930
10808649
10909980
10998795
