28298107580
28303387336
28305521372
28303833540
28310344920
28305896280
28306344368
28305056752
28316807296
28309758212
28305666600
28307786508
28308914240
28317221732
28308446140
28312915608
28307318420
28308073076
28304593192
28310709300
28303911316
28309030800
28312290276
28309825504
28300585764
28302843140
28314521136
24764769928
18264566496
18268297124
18261402824
18264843436
18265088332
18263575196
18264194160
18263619868
18268034848
18264633404
18263426412
18263272512
18264934548
18268774516
18268131904
18261909332
18260581964
18264058960
18265220784
18261482956
18267975276
18265328008
18263337776
18262101800
18262701172
18267173220
18259673680
18266186272
18262498740
18266427256
18264598196
18264317872
18261349068
18263767684
18266110004
18261151688
18261113096
18265675660
18267198344
18264857872
18262771340
18260506212
18264547928
18263033660
18275378240
18268338032
18267903024
18260834720
18261560628
18263419968
18265244768
18263251976
18260934636
18262400068
18264687492
18263126532
18264595096
18261950048
18260341040
18263400964
18262890332
18266094912
18268733848
18267430564
18264482092
18265958416
18263569172
18272228176
18260161872
18263076688
18262677104
18263880844
