0.254786
0.25482
0.253846
0.248449
0.249036
0.253805
0.253628
0.247958
0.254179
0.252527
0.255214
0.252595
0.255149
0.249414
0.253014
0.249859
0.248724
0.251172
0.252462
0.254311
0.253432
0.249311
0.252768
0.253739
0.250122
0.250012
0.244706
0.255171
0.250433
0.253351
0.256493
0.255302
0.244297
0.25319
0.249144
0.249355
0.253235
0.254633
0.251451
0.252489
0.255356
0.252734
0.249333
0.253038
0.257287
0.254835
0.252685
0.248519
0.258497
0.255996
0.251682
0.255961
0.251192
0.252559
0.251783
0.253714
0.256429
0.256059
0.252503
0.251229
0.248357
0.250735
0.252322
0.254243
0.248482
0.247708
0.256748
0.254218
0.255094
0.25015
0.253994
0.252798
0.253098
0.255173
0.251623
0.250564
0.249521
0.249856
0.253301
0.245844
0.236922
0.244368
0.247661
0.250912
0.242534
0.255064
0.250801
0.24783
0.242
0.25044
0.253414
0.254877
0.254676
0.242592
0.249216
0.257255
0.254776
0.252321
0.246861
0.246757
