0.687982
0.446992
0.435022
0.399809
0.403363
0.414952
0.421758
0.393931
0.397753
0.45834
0.403385
0.42981
0.416201
0.421693
0.418412
0.396601
0.394517
0.405515
0.397971
0.416606
0.428463
0.419581
0.453215
0.424842
0.425123
0.430141
0.397804
0.417986
0.433466
0.396661
0.457112
0.412921
0.457286
0.401515
0.396451
0.399142
0.426622
0.417465
0.410305
0.422994
0.424286
0.399132
0.420613
0.431882
0.422081
0.444641
0.380348
0.429779
0.451652
0.402298
0.456321
0.450358
0.396284
0.417851
0.395784
0.447491
0.415365
0.412987
0.405019
0.418513
0.425881
0.396314
0.456497
0.427024
0.419209
0.390501
0.398269
0.405245
0.45386
0.397114
0.421317
0.426096
0.42035
0.393946
0.463075
0.394247
0.420862
0.407448
0.396385
0.403209
0.430812
0.421138
0.448288
0.425959
0.401163
0.42165
0.410914
0.428462
0.396183
0.446128
0.407028
0.398697
0.423489
0.419622
0.398629
0.400101
0.399353
0.396011
0.412277
0.400788
