0.145034
0.145471
0.145276
0.146025
0.144245
0.143619
0.145168
0.144204
0.144702
0.145105
0.145388
0.144417
0.144354
0.144354
0.145166
0.14484
0.145059
0.145272
0.146094
0.14461
0.144686
0.145097
0.145343
0.14458
0.144417
0.14512
0.145586
0.145085
0.144808
0.144701
0.144835
0.143569
0.144229
0.145109
0.144871
0.14465
0.144521
0.141665
0.14377
0.143767
0.141835
0.14346
0.144487
0.145494
0.145303
0.145287
0.145746
0.144018
0.144731
0.144916
0.144639
0.145605
0.140716
0.144693
0.143426
0.144285
0.141611
0.144738
0.144474
0.144355
0.14048
0.136405
0.143213
0.144747
0.144798
0.14401
0.141408
0.144301
0.144371
0.145194
0.145089
0.144766
0.145184
0.144342
0.143905
0.143441
0.145397
0.144159
0.141129
0.144788
0.143024
0.144411
0.143916
0.143436
0.144804
0.143401
0.142758
0.141894
0.14292
0.14408
0.144506
0.143209
0.142034
0.142743
0.14452
0.143967
0.144661
0.144708
0.144357
0.145357
