0.340358
0.145965
0.13447
0.132155
0.142211
0.133616
0.136964
0.12451
0.146316
0.145677
0.134032
0.15494
0.154513
0.124796
0.105588
0.146159
0.151551
0.14083
0.14297
0.131273
0.160158
0.129774
0.143026
0.11779
0.146499
0.150198
0.138338
0.104948
0.157895
0.154972
0.137985
0.137759
0.17035
0.117005
0.145238
0.135405
0.155511
0.136997
0.14222
0.117311
0.166667
0.136417
0.136067
0.123945
0.161374
0.144986
0.112574
0.106309
0.154459
0.131037
0.116033
0.157088
0.196087
0.139589
0.110551
0.166291
0.120301
0.122885
0.122968
0.141109
0.139685
0.132928
0.151563
0.137402
0.14244
0.153876
0.146287
0.148744
0.148532
0.144989
0.141471
0.124132
0.170667
0.146283
0.125252
0.110801
0.152016
0.131095
0.151316
0.108719
0.143382
0.142511
0.14756
0.148944
0.10937
0.111905
0.154639
0.14
0.140207
0.15507
0.136274
0.1288
0.13499
0.142972
0.164463
0.164425
0.14707
0.185109
0.236223
0.103125
