0.161452
0.167679
0.100802
0.0775042
0.0777885
0.077517
0.127112
0.13279
0.130824
0.12698
0.130917
0.130042
0.129759
0.126433
0.123908
0.130866
0.132053
0.130024
0.132015
0.129091
0.123841
0.127863
0.134101
0.129824
0.131677
0.132449
0.134479
0.132582
0.131543
0.132915
0.129285
0.129112
0.132643
0.128966
0.130765
0.130693
0.132062
0.133645
0.130523
0.129962
0.131547
0.131988
0.131131
0.130704
0.134777
0.132
0.130133
0.132514
0.132797
0.135332
0.133161
0.129629
0.130841
0.127428
0.126552
0.127855
0.132094
0.130346
0.126995
0.130591
0.128227
0.123347
0.124292
0.128499
0.132176
0.12998
0.133762
0.125591
0.130193
0.132604
0.135581
0.131496
0.130718
0.129034
0.131746
0.13095
0.132805
0.133821
0.134821
0.131826
0.131725
0.133524
0.132897
0.13082
0.133748
0.129573
0.130005
0.129169
0.129791
0.131107
0.129102
0.129061
0.135788
0.133009
0.126091
0.131644
0.129381
0.12916
0.125175
0.129116
