0.460745
0.460168
0.45955
0.459851
0.458674
0.457241
0.459809
0.457726
0.459967
0.460622
0.459805
0.459609
0.459138
0.459438
0.460684
0.459469
0.460732
0.46096
0.462005
0.45929
0.459668
0.459856
0.460338
0.45989
0.459759
0.459903
0.459616
0.459929
0.459361
0.459636
0.460747
0.460147
0.459914
0.460545
0.460911
0.459616
0.459189
0.455508
0.458848
0.458927
0.456363
0.457354
0.459805
0.460911
0.459904
0.459673
0.460785
0.459235
0.459749
0.459526
0.460359
0.459915
0.451204
0.460013
0.458366
0.458755
0.452427
0.459504
0.458991
0.459491
0.455503
0.445744
0.458328
0.459257
0.45885
0.458501
0.452839
0.459801
0.4588
0.459901
0.459804
0.460126
0.460252
0.459135
0.45874
0.458768
0.460753
0.459662
0.455194
0.458658
0.457273
0.458997
0.458245
0.457722
0.459953
0.457739
0.456566
0.457454
0.457533
0.45868
0.460231
0.460081
0.456456
0.457462
0.459861
0.460051
0.45915
0.460889
0.45936
0.459649
