0.941983
0.942024
0.941703
0.942498
0.941258
0.941746
0.941812
0.941508
0.939589
0.941161
0.941634
0.9417
0.940973
0.940653
0.941841
0.940499
0.941856
0.941369
0.94186
0.941081
0.942176
0.94122
0.940683
0.941095
0.942319
0.942133
0.940468
0.950074
0.967092
0.966507
0.968043
0.966815
0.967143
0.968039
0.967103
0.96694
0.966373
0.967057
0.967228
0.967523
0.967256
0.966079
0.966377
0.967643
0.968354
0.966918
0.966979
0.967785
0.966295
0.967154
0.966824
0.967474
0.967798
0.966386
0.968301
0.966711
0.967747
0.966629
0.967114
0.967026
0.967894
0.967499
0.966582
0.9681
0.967726
0.966653
0.966548
0.966851
0.96763
0.968183
0.966763
0.967022
0.967793
0.966237
0.966219
0.967963
0.967674
0.967406
0.966524
0.967587
0.967756
0.967741
0.966697
0.967277
0.967333
0.967811
0.968115
0.967221
0.967216
0.967194
0.965743
0.966233
0.967086
0.966574
0.967316
0.965147
0.968184
0.967519
0.967674
0.967082
