1.90409
1.92121
1.93186
1.93414
1.93115
1.93297
1.93295
1.92273
1.92764
1.93199
1.93201
1.91059
1.93065
1.93052
1.93199
1.92904
1.93199
1.93232
1.93217
1.93192
1.93353
1.93119
1.92714
1.93112
1.93393
1.93373
1.92889
2.20538
2.98865
2.98668
2.99536
2.99103
2.99189
2.99564
2.98926
2.98833
2.98826
2.98837
2.99257
2.99345
2.98464
2.98232
2.98484
2.97896
2.99587
2.98816
2.94169
2.9948
2.98848
2.98923
2.98807
2.99037
2.99444
2.98594
2.99602
2.99106
2.99422
2.98747
2.98509
2.9915
2.9945
2.99387
2.98724
2.99577
2.99057
2.98455
2.98684
2.99124
2.99354
2.99535
2.96043
2.99187
2.99302
2.98526
2.9823
2.99567
2.99409
2.99319
2.98724
2.99404
2.99409
2.99021
2.75499
2.98898
2.98987
-0.000195146
2.99237
2.99245
2.99215
2.99274
2.98231
2.98513
2.98885
2.98479
2.98913
2.9822
2.99573
2.99237
2.99388
2.99221
