2299855448
2300896848
2300673560
2301755396
2302612996
2300156696
2299787460
2304543692
2300969160
2300545120
2299551812
2300968636
2300885552
2302516124
2300286448
2302642536
2301461488
2301495028
2301485396
2299914660
2301197892
2301719388
2302559940
2300387452
2300747880
2301914772
2302402696
2299865300
2302457692
2301069620
2299248348
2300060884
2302759620
2300624012
2302475388
2302081352
2300397140
2300309744
2302277772
2302346388
2300242304
2301832752
2301254968
2300683784
2299112412
2300798340
2301573256
2302980716
2298684940
2299551312
2301735468
2299631476
2301161008
2300694840
2301834368
2300562760
2299604224
2300113368
2301535764
2301607236
2302615148
2300878476
2301579204
2300663724
2301598660
2302417316
2299769360
2301121356
2300433996
2301241356
2300842756
2301362116
2301076176
2300747624
2302709812
2301012020
2302387804
2302186752
2300031516
2304843784
2307423724
2304965768
2302442644
2301973480
2304556252
2301044604
2301504740
2302417444
2304214340
2302548140
2301143304
2300954272
2300199748
2304390208
2301188088
2299737120
2300262136
2300881928
2303850572
2302020840
