0.271928
0.269727
0.559859
0.906326
0.906671
0.905966
0.868766
0.86494
0.867224
0.86826
0.866912
0.866974
0.867397
0.870784
0.869887
0.867932
0.865743
0.867301
0.865379
0.867412
0.87628
0.872338
0.864202
0.867117
0.865251
0.866106
0.865258
0.86559
0.866084
0.865076
0.867486
0.865817
0.866681
0.867366
0.868
0.866114
0.866149
0.865426
0.86763
0.866742
0.866415
0.866358
0.865748
0.867528
0.864971
0.866545
0.866413
0.865874
0.761318
0.864817
0.864945
0.868335
0.867114
0.869059
0.868954
0.867694
0.866128
0.866545
0.867131
0.867486
0.868866
0.871577
0.874926
0.872832
0.866341
0.865374
0.865601
0.873184
0.866809
0.865751
0.865378
0.865217
0.866785
0.867544
0.866807
0.868728
0.865018
0.864908
0.864569
0.86535
0.865411
0.865239
0.865758
0.864712
0.864977
0.867479
0.867729
0.867158
0.866702
0.866436
0.866943
0.866523
0.863849
0.865472
0.868338
0.866627
0.86768
0.867522
0.873995
0.867304
