0.542558
0.542646
0.543389
0.552681
0.537297
0.542014
0.542983
0.541173
0.523629
0.535123
0.539201
0.542602
0.536201
0.534901
0.544349
0.533526
0.544709
0.538983
0.542733
0.536087
0.545372
0.538263
0.533788
0.539311
0.545976
0.547791
0.533829
0.446302
0.161004
0.159017
0.163259
0.159303
0.160609
0.163785
0.161174
0.15924
0.158506
0.160253
0.160916
0.162309
0.160914
0.157674
0.158162
0.162658
0.165618
0.160518
0.159885
0.162344
0.158654
0.160867
0.159629
0.161871
0.163378
0.15833
0.164545
0.158192
0.161992
0.159143
0.162357
0.159531
0.163713
0.160622
0.158527
0.164372
0.16376
0.16035
0.158621
0.158189
0.160936
0.164962
0.159262
0.15923
0.163232
0.157728
0.158511
0.162694
0.162742
0.159838
0.158435
0.161272
0.162702
0.163635
0.158618
0.160862
0.161769
0.16223
0.165252
0.159737
0.159447
0.1598
0.156658
0.158123
0.160177
0.157885
0.161476
0.151912
0.163844
0.1612
0.161129
0.15869
