0.873843
0.87424
0.874689
0.875071
0.875233
0.875182
0.865724
0.865187
0.864877
0.865631
0.865716
0.865098
0.865386
0.865484
0.866296
0.865227
0.865095
0.865113
0.865486
0.865504
0.866211
0.86549
0.864915
0.865403
0.864964
0.86527
0.864964
0.865182
0.86456
0.865071
0.865454
0.865125
0.865603
0.865605
0.865794
0.8646
0.864764
0.86464
0.865192
0.865312
0.865191
0.865261
0.864993
0.865379
0.865163
0.865611
0.865312
0.865443
0.865011
0.865134
0.864622
0.865201
0.865416
0.865806
0.865182
0.865568
0.864927
0.865153
0.865724
0.865111
0.865864
0.865994
0.865868
0.865552
0.86498
0.865282
0.865097
0.865643
0.864941
0.864867
0.864942
0.865584
0.864555
0.865217
0.86494
0.864731
0.864693
0.864636
0.865346
0.864865
0.865221
0.865563
0.864887
0.8647
0.865148
0.865057
0.865373
0.864989
0.865247
0.864746
0.865288
0.864967
0.864705
0.864808
0.865351
0.864938
0.865063
0.86558
0.8657
0.865405
