3676
3596
3384
3788
3048
8672
3656
4000
4080
3864
3084
4412
3036
3764
3132
3504
3352
3220
3196
3324
3248
3520
8228
3960
3040
3376
2964
4712
2984
3652
3956
3496
3164
3112
3012
3676
3312
3328
3260
8496
3340
3340
3008
3520
3468
3244
3052
3316
2932
3208
3624
2948
2964
3408
3164
3704
8028
3056
3224
3168
3196
3228
3408
3376
2960
3296
3460
3460
3228
3700
3000
4112
3052
8628
3280
3984
3300
3752
3336
4212
3244
3600
3168
3512
3036
3656
2936
3408
3352
3792
7916
3776
3096
3768
3344
3272
3360
3468
2968
3576
