2.8266
2.82628
2.82464
2.81945
2.81823
2.82594
2.82641
2.8168
2.82694
2.82474
2.82639
2.82282
2.8258
2.82022
2.8251
2.8203
2.82009
2.82208
2.82307
2.82678
2.82436
2.82103
2.82263
2.82611
2.82229
2.82008
2.78551
2.82773
2.82023
2.82538
2.83026
2.8274
2.78672
2.82487
2.8182
2.81743
2.82609
2.82717
2.82209
2.82372
2.82692
2.82419
2.82022
2.82491
2.82953
2.82635
2.82345
2.81901
2.83096
2.82795
2.82359
2.82905
2.82403
2.82482
2.82291
2.82652
2.82835
2.82809
2.58581
2.82119
2.81749
2.82266
2.8238
2.82612
2.81799
2.81791
2.82795
2.82456
2.8266
2.82036
2.82579
2.82375
2.825
2.82664
2.82146
2.82104
2.8202
2.82082
2.82463
2.8148
2.77277
2.81192
2.81815
2.81963
2.78255
2.82581
2.82248
2.81843
2.78271
2.82164
2.82451
2.82673
2.82747
2.80956
2.81931
2.82933
2.82632
2.82465
2.81508
2.81607
