2353312
2230888
2429736
2178072
2394472
2314592
2325716
2380716
2306116
2365576
2184276
2210436
2370024
2337552
2428880
2340712
2189972
2349296
2311504
2387368
2400024
2197596
2352088
2316736
2362696
2292776
2226732
2256324
2244832
2182436
2124096
2308336
2212008
2253128
2146296
2299972
2246780
2144908
2199412
2229328
2119792
2185416
2188288
2275412
2284244
2141620
2201504
2244364
2259592
2248968
2208724
2269408
2254292
2270864
2218116
2229008
2170748
2242880
2238640
2229908
2317084
2238708
2256992
2310176
2171588
2114880
2056696
1976956
1995096
1997912
1985980
1994068
1973008
1979000
1979052
2002140
1987480
1992348
1978908
1993884
2034808
1988064
1963828
1987104
1982488
2013048
2006432
2056568
1989876
1973604
1998984
1959332
1980984
1958936
1997604
1973044
1976788
1977512
1997980
1979416
