1146092
1130184
1126280
1110368
1106868
1122124
1100300
1108556
1150012
1132252
1126460
1118288
1123660
1128764
1125796
1115324
1132932
1105996
1111348
1101368
1109008
1106496
1104048
1097188
1108576
1104104
1111796
1108448
1124268
1115228
1097548
1140408
1136596
1141152
1123468
1131656
1116740
1143380
1129328
1115944
1115280
1119256
1119844
1121084
1111568
1124304
1113624
1109708
1105704
1115024
1121056
1138900
1132324
1132604
1123000
1137292
1126680
1129576
1099324
1134440
1106424
1124096
1118980
1113984
1101828
1113256
1134848
1122236
1113008
1132016
1125972
1135564
1122792
1121564
1119636
1137708
1120108
1115808
1120904
1130900
1108828
1131184
1107832
1114592
1131928
1123440
1114788
1124652
1122020
1106188
1115496
1108524
1102864
1111904
1116320
1101260
1109220
1113916
1111948
1122228
