1.77051
1.70455
1.68247
1.68749
1.66849
1.65818
1.67321
1.67315
1.65454
1.68329
1.70952
1.71309
1.70782
1.70038
1.68065
1.66773
1.68474
1.66784
1.67256
1.67641
1.67556
1.67505
1.68487
1.69516
1.68994
1.67961
1.67618
1.66416
1.67231
1.66603
1.66362
1.67014
1.66091
1.65773
1.66804
1.68596
1.70616
1.70114
1.70468
1.70958
1.70659
1.6952
1.7189
1.70675
1.68146
1.70874
1.71825
1.70057
1.69155
1.70531
1.70729
1.70683
1.68699
1.70607
1.71503
1.70305
1.69041
1.69461
1.69831
1.68125
1.67244
1.68529
1.68749
1.6763
1.67248
1.68899
1.67751
1.67474
1.68463
1.69077
1.70044
1.68737
1.68765
1.69408
1.6919
1.66353
1.68998
1.68739
1.68662
1.67723
1.68867
1.68931
1.67857
1.64104
1.69691
1.69395
1.68124
1.70572
1.70378
1.70735
1.7013
1.70743
1.70814
1.70575
1.70338
1.704
1.68964
1.68742
1.65388
1.68558
