13943432
13929916
13939504
13922652
13945784
13926716
13941788
13912920
13937592
13910628
13947408
13925332
13929088
13913916
13978120
13914208
13971932
13912252
13965144
13932076
13943048
13919300
13981104
13923352
13937508
13908008
13936604
13915568
13936800
13917828
13944624
13909308
13923252
13906460
13925580
13919892
14018096
13921828
13931544
13917340
13939008
13983532
14000752
13941112
13930504
13914580
13924424
13924936
13917224
13921052
13982976
13957664
13988248
13924776
13919156
13922636
13920292
13920856
13920360
13917872
13922180
13927396
13921352
14011520
13931024
13917088
13922252
13991728
13921516
13931132
13923364
13916816
13945892
13908952
13938836
13918932
13924712
13971116
13924996
13924312
13921380
13960816
13975976
13926512
13929988
13918368
13918904
13923792
13918628
13910796
13920752
13938436
13920276
13925216
13917400
13921940
13930996
13926164
13918788
13914876
