0.09245
0.0834576
0.0825915
0.083171
0.080653
0.0863447
0.0859399
0.0825129
0.102422
0.103744
0.115284
0.117405
0.0975673
0.108379
0.112682
0.119759
0.124622
0.126971
0.132439
0.13242
0.120959
0.138689
0.137663
0.126121
0.129897
0.131678
0.116351
0.129569
0.130244
0.12679
0.131626
0.11908
0.132605
0.134789
0.124287
0.136368
0.125528
0.129288
0.13598
0.130972
0.130395
0.124922
0.130819
0.141955
0.133514
0.135386
0.124427
0.128978
0.120795
0.128994
0.129151
0.133413
0.135096
0.123855
0.126171
0.134615
0.130979
0.125467
0.125116
0.132924
0.126414
0.134398
0.127406
0.134326
0.131225
0.13119
0.124825
0.135199
0.132707
0.118915
0.128416
0.131843
0.137363
0.132417
0.133779
0.126099
0.127981
0.127466
0.132222
0.128919
0.122161
0.131677
0.0963595
0.13486
0.138806
0.130146
0.130993
0.131801
0.133456
0.137046
0.135322
0.136789
0.134271
0.125407
0.129338
0.134611
0.129435
0.117572
0.13199
0.130943
