2.13319
2.12352
2.08714
2.11859
2.10767
2.071
2.11888
2.11864
2.129
2.11609
2.0872
2.11845
2.10608
1.9884
2.12089
2.11898
2.11582
2.11965
2.09898
2.10535
2.11208
2.12661
2.10095
2.11315
2.12525
2.10495
2.06771
2.10573
2.11481
1.94928
2.03158
2.07517
2.11382
2.10153
2.09909
2.0945
2.02235
2.09322
2.0833
2.01377
2.08722
2.1148
2.12145
2.12838
2.10118
2.10479
2.09899
2.11275
1.81967
2.08684
2.1002
2.12905
2.08749
2.12719
2.10365
2.09843
2.10652
2.09283
2.11172
2.14274
2.12337
2.08763
2.09391
2.11878
2.08187
2.12139
2.12015
1.62584
2.11744
2.12242
2.09033
2.05681
2.11185
2.10709
2.07952
2.12863
2.12001
2.10326
2.1162
2.12031
2.10502
2.0905
2.08668
2.11983
2.04096
2.13461
2.10581
2.12682
2.08357
2.1124
2.10501
2.09701
2.10851
2.14435
2.1025
2.10613
2.11856
2.12705
2.09656
2.14194
