3.61601
3.56959
3.56263
3.56648
3.56043
3.56158
3.54834
3.56574
3.56701
3.56
3.55269
3.56967
3.56256
3.56806
3.55504
3.567
3.55292
3.57277
3.56092
3.5608
3.56515
3.56663
3.55642
3.56715
3.56532
3.56895
3.54861
3.56912
3.56018
3.56814
3.56481
3.56273
3.56878
3.57287
3.56428
3.56726
3.5306
3.56901
3.55073
3.57041
3.55224
3.55027
3.53564
3.56421
3.56856
3.56314
3.56927
3.57033
3.57059
3.56769
3.55121
3.55886
3.55001
3.57062
3.56534
3.568
3.55639
3.56646
3.56488
3.56738
3.56846
3.56821
3.56412
3.53448
3.56421
3.55572
3.56738
3.54472
3.56839
3.56744
3.56884
3.56705
3.56188
3.5715
3.56389
3.56305
3.56932
3.55826
3.56191
3.56562
3.56624
3.55228
3.54966
3.57167
3.56357
3.56231
3.56825
3.56787
3.56515
3.57292
3.55614
3.56676
3.56019
3.56275
3.56989
3.5635
3.56687
3.56751
3.56482
3.56935
