0.227289
0.20444
0.219133
0.212737
0.219276
0.203083
0.234333
0.228161
0.189408
0.214077
0.210012
0.22559
0.214076
0.205396
0.212944
0.227538
0.217555
0.221401
0.219532
0.228154
0.217975
0.221301
0.222129
0.217426
0.204961
0.21062
0.223034
0.223419
0.203017
0.213666
0.215198
0.2158
0.200529
0.202671
0.211027
0.2037
0.220329
0.191099
0.199871
0.214286
0.216103
0.222387
0.199438
0.22019
0.210951
0.222749
0.222449
0.221513
0.203235
0.205679
0.21801
0.200703
0.203347
0.206001
0.200706
0.211855
0.209336
0.199333
0.213398
0.200201
0.214854
0.212655
0.198143
0.229995
0.203586
0.223942
0.190161
0.215835
0.184765
0.231527
0.21
0.207004
0.183693
0.220938
0.204346
0.223395
0.20464
0.218661
0.206639
0.216817
0.205879
0.224601
0.208847
0.222156
0.222297
0.220411
0.210705
0.224279
0.197614
0.239564
0.201235
0.222558
0.215012
0.218854
0.206469
0.220832
0.206805
0.220134
0.214493
0.216216
