0.282949
0.284031
0.257072
0.279296
0.246255
0.270562
0.271283
0.26287
0.254959
0.283415
0.27433
0.267246
0.279032
0.267584
0.315938
0.268004
0.253333
0.267216
0.22001
0.230675
0.267439
0.241778
0.316937
0.290956
0.232303
0.278364
0.262257
0.296714
0.252016
0.296693
0.233319
0.247913
0.287662
0.294382
0.280253
0.243182
0.24185
0.284652
0.292393
0.273
0.279452
0.283087
0.268717
0.288934
0.290629
0.282646
0.287612
0.281543
0.289785
0.286081
0.292046
0.27284
0.271494
0.283576
0.276659
0.273458
0.29262
0.249609
0.284105
0.263282
0.250774
0.235495
0.268862
0.261752
0.258681
0.279065
0.214245
0.24423
0.268769
0.228835
0.269937
0.287469
0.249312
0.274677
0.268371
0.27136
0.268847
0.276582
0.267779
0.284502
0.277331
0.193616
0.290844
0.292308
0.268971
0.266144
0.272727
0.287472
0.292107
0.280079
0.279437
0.239919
0.236619
0.252636
0.296599
0.26671
0.267397
0.25075
0.245367
0.27689
