0.148871
0.169015
0.203177
0.194166
0.195008
0.178835
0.195043
0.19941
0.131617
0.175211
0.166148
0.178667
0.214244
0.209136
0.214694
0.19085
0.201045
0.147175
0.217817
0.194146
0.17895
0.213787
0.114861
0.191056
0.178039
0.160782
0.205702
0.194763
0.175904
0.107726
0.17316
0.150891
0.189066
0.176329
0.199389
0.183229
0.132321
0.204429
0.18464
0.195097
0.182567
0.193223
0.160727
0.216618
0.179883
0.216752
0.180388
0.163297
0.187029
0.194114
0.164211
0.152664
0.149032
0.207249
0.188095
0.178804
0.151147
0.167753
0.199954
0.196308
0.198568
0.13896
0.179178
0.207148
0.218852
0.218714
0.215414
0.196675
0.189429
0.187068
0.187447
0.137679
0.153699
0.171717
0.161356
0.201993
0.218274
0.210684
0.206253
0.172581
0.217198
0.163601
0.196005
0.170637
0.214778
0.2198
0.166865
0.173088
0.180374
0.180432
0.123255
0.191516
0.155838
0.156032
0.154264
0.151444
0.147556
0.16289
0.118082
0.192123
