3339908
3328668
3326680
3321476
3342348
3378004
3314288
3326160
3313328
3335392
3325276
3317296
3330744
3326628
3304392
3310620
3319144
3326316
3305816
3312488
3279120
3283856
3265100
3286124
3274836
3323716
3286712
3277124
3281636
3275716
3298176
3279584
3347512
3283092
3295048
3275196
3291624
3282956
3302620
3284812
3285104
3285376
3295988
3292196
3301440
3286796
3294740
3281584
3300556
3296532
3272480
3276988
3289252
3294632
3280956
3286744
3280012
3286864
3293564
3292224
3284008
3279420
3278360
3282648
3285428
3301704
3292484
3291340
3286800
3297136
3290308
3275364
3266764
3299176
3292280
3345236
3274068
3360192
3272256
3303812
3286692
3303948
3277100
3271692
3276148
3272200
3277516
3276076
3297772
3285184
3280300
3274552
3295592
3287180
3301276
3285336
3303644
3334088
3296636
3277884
