1.23459
1.15513
1.16122
1.1609
1.16555
1.19557
1.32758
1.32849
1.3252
1.33897
1.33954
1.32163
1.33677
1.34817
1.34192
1.33355
1.34965
1.35663
1.3358
1.34725
1.33843
1.34542
1.35069
1.33057
1.34099
1.35017
1.3372
1.33591
1.3242
1.34408
1.35299
1.33548
1.34053
1.34749
1.3459
1.34606
1.35228
1.33078
1.34475
1.35257
1.33341
1.35668
1.35079
1.34516
1.34199
1.34512
1.34871
1.35074
1.33124
1.32375
1.33753
1.31127
1.34842
1.33898
1.34532
1.34898
1.35875
1.34497
1.35115
1.34086
1.33658
1.35101
1.34013
1.35024
1.35
1.33858
1.3286
1.34517
1.35271
1.34838
1.3438
1.32223
1.33965
1.32023
1.34854
1.33448
1.31312
1.33566
1.33501
1.30423
1.3376
1.33591
1.33761
1.34189
1.34525
1.33503
1.34545
1.33521
1.35728
1.342
1.34283
1.35105
1.34693
1.33675
1.35399
1.35026
1.34564
1.35491
1.32956
1.35668
