0.0694397
0.0721729
0.0638814
0.0709003
0.0746491
0.0703284
0.0734714
0.0656009
0.0888369
0.0992004
0.10365
0.117365
0.0940499
0.0934392
0.105993
0.107593
0.124559
0.126228
0.133018
0.124859
0.128184
0.136008
0.137874
0.135286
0.128595
0.128026
0.0982656
0.130349
0.135031
0.121096
0.133731
0.11908
0.141527
0.128106
0.134288
0.131029
0.119799
0.13843
0.138334
0.12814
0.140826
0.119392
0.132608
0.107829
0.13927
0.13152
0.126666
0.131224
0.108706
0.12123
0.12691
0.129987
0.128065
0.117026
0.129559
0.125141
0.124568
0.125581
0.118719
0.128277
0.117121
0.124059
0.125523
0.131041
0.13089
0.120716
0.131662
0.128974
0.130386
0.122342
0.121964
0.12982
0.127502
0.128167
0.133626
0.112867
0.126001
0.123008
0.124192
0.129898
0.131762
0.121671
0.0849824
0.13462
0.137647
0.124786
0.126492
0.125122
0.132205
0.120896
0.128259
0.137437
0.124506
0.115556
0.134427
0.128174
0.132215
0.118684
0.132624
0.129379
