0.136447
0.146252
0.154389
0.146235
0.164947
0.145471
0.157145
0.146241
0.165947
0.152455
0.145199
0.133187
0.146677
0.119749
0.165805
0.152923
0.16171
0.157422
0.166759
0.130274
0.155646
0.155963
0.146747
0.140099
0.153223
0.135837
0.127319
0.168809
0.151344
0.210056
0.0819693
0.097576
0.171557
0.152082
0.157764
0.126562
0.132443
0.153439
0.127025
0.117412
0.121829
0.127383
0.169353
0.172003
0.138545
0.137149
0.165583
0.149685
0.214904
0.136298
0.123417
0.144711
0.133803
0.142786
0.151437
0.133772
0.1422
0.132651
0.147625
0.151392
0.139251
0.150284
0.125118
0.170173
0.14786
0.146403
0.147941
0.119559
0.154625
0.148116
0.141045
0.133446
0.161697
0.146634
0.151498
0.14964
0.154367
0.138391
0.151269
0.144983
0.156496
0.149785
0.142425
0.163545
0.150693
0.151807
0.153506
0.142416
0.148946
0.155116
0.139707
0.129533
0.13602
0.167533
0.146371
0.119122
0.173016
0.151901
0.156367
0.16608
