1.92394
1.73873
1.73678
1.72722
1.75083
1.7224
1.7088
1.75313
1.71608
1.71536
1.70895
1.69858
1.73455
1.72403
1.6942
1.72721
1.68647
1.71888
1.71102
1.62844
1.71507
1.72069
1.67892
1.7257
1.67034
1.73362
1.66433
1.74059
1.71885
1.74511
1.65904
1.72589
1.67848
1.71351
1.69744
1.74592
1.71847
1.70373
1.64367
1.73856
1.71154
1.73694
1.69777
1.72851
1.65807
1.68391
1.7531
1.72994
1.6716
1.70681
1.693
1.6914
1.7324
1.65542
1.73953
1.68384
1.7371
1.68726
1.6897
1.67957
1.72155
1.71023
1.74196
1.71737
1.73911
1.67126
1.73394
1.69782
1.71583
1.709
1.73526
1.57908
1.71336
1.74184
1.71995
1.72707
1.68203
1.71683
1.73707
1.68744
1.71448
1.75085
1.60044
1.73742
1.69409
1.69091
1.70398
1.72742
1.72925
1.71805
1.68007
1.71386
1.70047
1.69859
1.73504
1.72847
1.67327
1.7019
1.71844
1.73444
