0.090243
0.0738972
0.0805261
0.082468
0.0822438
0.0933676
0.135051
0.121048
0.117022
0.124373
0.123649
0.120189
0.122793
0.121844
0.125436
0.11665
0.124867
0.124463
0.124281
0.126072
0.127749
0.126148
0.124844
0.123534
0.130239
0.128274
0.119015
0.116088
0.114553
0.12194
0.123182
0.117355
0.120688
0.117682
0.122295
0.125677
0.123962
0.118876
0.12863
0.119244
0.120592
0.12056
0.120328
0.125126
0.124132
0.122842
0.126591
0.128714
0.121526
0.118976
0.117141
0.12017
0.120678
0.119156
0.125133
0.124043
0.125022
0.127491
0.125679
0.120251
0.120482
0.126057
0.120752
0.124638
0.120155
0.117596
0.116147
0.12346
0.124282
0.126115
0.121415
0.120422
0.122606
0.117692
0.125239
0.123067
0.112083
0.124076
0.11649
0.120558
0.119642
0.117808
0.126405
0.123427
0.118782
0.124084
0.124321
0.116518
0.126444
0.116799
0.117093
0.122636
0.120768
0.127057
0.122222
0.120533
0.122352
0.126086
0.113209
0.126838
