2061852
2051528
2049668
2065268
2073408
2051096
2064036
2047172
2076164
2037880
2075320
2043568
2088076
2079652
2059144
2027380
2068648
2064744
2069992
2052724
2057020
2067116
2045560
2052036
2048000
2036908
2069052
2059592
2050296
2080264
2084124
2050028
2064616
2044120
2062752
2043696
2089760
2049320
2085600
2066068
2074148
2051904
2053768
2101924
2052648
2044284
2077808
2079392
2062820
2050788
2052036
2043192
2050536
2054144
2068012
2094060
2058120
2030844
2052932
2040180
2063228
2065264
2093048
2073300
2097012
2052824
2066440
2054352
2060428
2057756
2062776
2035804
2075416
2079744
2053496
2026376
2043820
2082328
2054792
2105528
2064732
2112024
2054092
2070068
2060668
2063496
2044232
2036920
2052348
2035244
2071208
2041604
2056576
2037324
2063552
2035360
2051384
2040644
2066060
2059700
