0.220936
0.13679
0.124506
0.12708
0.109646
0.0963066
0.0894423
0.105631
0.107625
0.117753
0.092176
0.124157
0.116719
0.119616
0.106166
0.110156
0.0878756
0.114692
0.124347
0.115385
0.103986
0.129291
0.0961502
0.119794
0.122397
0.12283
0.101997
0.125318
0.0925048
0.108909
0.10722
0.112299
0.1276
0.130857
0.10598
0.116433
0.0885066
0.125028
0.11562
0.126475
0.0935278
0.106634
0.109358
0.110204
0.127249
0.108181
0.131132
0.138043
0.134586
0.107206
0.114416
0.111067
0.0943396
0.111547
0.11428
0.109109
0.104252
0.100492
0.101978
0.104795
0.119048
0.106685
0.115863
0.088221
0.0959967
0.110704
0.109943
0.0989437
0.118432
0.105543
0.105709
0.116899
0.109469
0.123937
0.107527
0.109331
0.0947847
0.0926675
0.105793
0.108256
0.111698
0.100857
0.0950794
0.108496
0.10681
0.102176
0.108913
0.107461
0.0986366
0.115611
0.108347
0.0932732
0.113402
0.107704
0.09966
0.109845
0.105882
0.0959484
0.121206
0.11715
