1.69769
1.57205
1.61468
1.54273
1.58295
1.57833
1.59614
1.56143
1.58781
1.58955
1.59839
1.53905
1.51299
1.62645
1.54979
1.52347
1.5554
1.60041
1.57185
1.50834
1.58185
1.54707
1.60231
1.60218
1.58687
1.54295
1.59746
1.57239
1.59198
1.59649
1.5908
1.60956
1.56208
1.56619
1.56469
1.54797
1.51077
1.55229
1.613
1.56556
1.58413
1.62032
1.49193
1.57641
1.56349
1.60166
1.578
1.58473
1.58608
1.58593
1.56284
1.59085
1.54321
1.58304
1.571
1.54532
1.57695
1.57283
1.58214
1.58645
1.59543
1.56923
1.56374
1.59739
1.5439
1.58186
1.59946
1.59763
1.45983
1.61165
1.59478
1.55574
1.55733
1.56064
1.5933
1.56928
1.58101
1.59655
1.51612
1.53231
1.57409
1.59172
1.60986
1.52664
1.55989
1.57581
1.56734
1.53724
1.59085
1.58824
1.57108
1.57889
1.55403
1.57771
1.53516
1.57978
1.61487
1.50458
1.5847
1.56899
