0.973052
0.908481
0.902758
0.933561
0.9132
0.917376
0.925755
0.915597
0.909602
0.953341
1.02251
1.04946
0.970318
0.9951
1.04063
1.06926
1.11694
1.08501
1.14436
1.11592
1.11671
1.14354
1.12329
1.13916
1.11081
1.12243
1.0041
1.12067
1.12567
1.10956
1.13235
1.08374
1.14572
1.12833
1.10629
1.15472
1.09815
1.11418
1.14642
1.12292
1.14419
1.0904
1.1387
1.13688
1.14296
1.13317
1.10094
1.12241
1.08263
1.12901
1.11362
1.14217
1.13651
1.0917
1.13158
1.12771
1.1155
1.1211
1.09813
1.13502
1.07401
1.11348
1.12918
1.12002
1.1332
1.10502
1.10043
1.13895
1.12505
1.12397
1.10076
1.12219
1.14483
1.13806
1.13164
1.0908
1.1343
1.12459
1.13135
1.14544
1.09828
1.11356
1.03754
1.14863
1.14959
1.12933
1.13426
1.12437
1.12555
1.13446
1.12255
1.14226
1.10843
1.10744
1.11667
1.10854
1.13003
1.08377
1.12776
1.11553
