2279924
2303964
2266492
2281704
2317616
2304344
2254200
2318728
2309992
2263664
2262396
2215184
2177272
2188576
2071356
2040284
2154864
1920176
1859020
1757100
1782504
1754732
1703624
1784148
1740588
1768664
1773612
1748448
1747576
1782528
1735052
1732272
1748340
1730904
1725840
1739556
1728636
1735648
1780372
1718464
1724800
1743612
1735692
1719844
1766628
1734012
1744916
1757572
1728452
1726116
1716496
1748932
1723960
1722384
1779812
1735136
1722220
1857664
1744308
1763856
1723836
1744016
1769444
1718252
1744156
1783316
1754440
1742340
1772264
1725276
1757232
1716400
1738244
1765432
1757376
1768256
1834732
1738796
1718320
1768204
1746424
1750728
1757188
1773772
1738852
1778860
1716640
1720508
1730828
1722820
1718676
1736552
1746112
1716972
1731236
1732892
1725304
1716320
1722372
1726408
