0.0530855
0.0597542
0.0665431
0.0640771
0.0676589
0.0640364
0.0613904
0.0594828
0.0646098
0.110069
0.0861484
0.0910819
0.0891075
0.0935072
0.0862188
0.067327
0.070049
0.0749443
0.0591296
0.0598514
0.0611192
0.0716039
0.0661958
0.0640182
0.0612763
0.069536
0.0639643
0.0666815
0.0662151
0.0690084
0.061426
0.0617505
0.0614519
0.0644685
0.0644146
0.0639897
0.0957818
0.0935257
0.0907387
0.0852264
0.0946329
0.094824
0.0921294
0.0914144
0.0942684
0.0926581
0.0964731
0.0871339
0.0957599
0.0916389
0.0855502
0.0946419
0.0902261
0.0913564
0.0874095
0.0964672
0.0996725
0.0869773
0.0791462
0.0870564
0.0839759
0.075086
0.07581
0.0769605
0.0686792
0.0710506
0.0650512
0.0767363
0.068697
0.070614
0.0827425
0.0875609
0.0716457
0.0771407
0.0749403
0.083064
0.0779035
0.0782353
0.0755172
0.081927
0.0782149
0.0788069
0.083263
0.0921151
0.0817689
0.0778863
0.0857292
0.0964586
0.0918252
0.0906977
0.0953708
0.0925953
0.0888698
0.0861136
0.0989334
0.083478
0.0942432
0.0947444
0.0831054
0.0772339
