0.310564
0.270734
0.312185
0.295202
0.324555
0.264084
0.301657
0.295609
0.266173
0.279441
0.243958
0.28216
0.310525
0.276865
0.239315
0.271832
0.228095
0.241642
0.249399
0.249568
0.27812
0.272608
0.21816
0.238373
0.282045
0.255969
0.162207
0.281977
0.26625
0.303747
0.180297
0.232777
0.242665
0.288409
0.247018
0.287049
0.251862
0.248651
0.161164
0.254047
0.246793
0.280124
0.246641
0.279222
0.157032
0.273131
0.316271
0.303043
0.230719
0.243156
0.263608
0.255243
0.316753
0.313347
0.281887
0.186391
0.288878
0.227331
0.243902
0.183209
0.261638
0.243571
0.321198
0.291172
0.316115
0.164941
0.28208
0.219758
0.277178
0.245734
0.260775
0.190948
0.236939
0.283358
0.283824
0.274489
0.224774
0.257537
0.292768
0.267895
0.237144
0.324216
0.18357
0.277021
0.257248
0.268152
0.2248
0.26245
0.255066
0.249535
0.188981
0.252347
0.249482
0.225725
0.271387
0.271134
0.178486
0.236003
0.270006
0.261167
