0.0593424
0.0703085
0.0716028
0.0736397
0.0697657
0.0716613
0.065674
0.0652283
0.0738825
0.0656244
0.0787007
0.0743615
0.0690072
0.0674878
0.0641423
0.0670348
0.0803024
0.0698519
0.0639347
0.0704765
0.0687085
0.0658865
0.0685064
0.0689637
0.0712877
0.066914
0.0699554
0.0716326
0.0674438
0.0660164
0.0769378
0.0709112
0.0672172
0.0668534
0.0751863
0.0645038
0.0692817
0.0698676
0.069954
0.0688047
0.0752148
0.0700305
0.0655124
0.0693894
0.0656212
0.0778437
0.0726903
0.0670924
0.0677527
0.0700942
0.066512
0.0703523
0.0665891
0.0690724
0.071399
0.0695301
0.0692098
0.0682414
0.0695324
0.068556
0.065893
0.0690203
0.0716353
0.0692649
0.0698375
0.072181
0.0753704
0.0848261
0.0796373
0.0755673
0.0838072
0.077287
0.0843281
0.0798014
0.0769545
0.0848816
0.0792032
0.0819954
0.0803433
0.0784288
0.0842119
0.0780161
0.082088
0.0781297
0.0812445
0.0838033
0.078005
0.0931991
0.0812498
0.0792027
0.0859788
0.083966
0.0798921
0.0817239
0.0781364
0.0906899
0.0805619
0.0803743
0.0789026
0.0806044
