1278860
1264204
1162788
1173296
1203684
1269480
1191556
1145196
1344236
1275536
1260460
1234092
1138520
1217692
1153488
1269080
1160584
1283180
1127892
1205952
1225020
1176140
1400540
1191016
1234272
1258324
1157084
1179632
1227288
1543400
1248040
1298592
1203348
1233948
1161484
1215988
1333500
1213332
1213256
1143212
1213040
1167324
1259188
1146296
1207108
1172600
1219876
1263280
1260368
1198208
1259208
1307428
1316192
1220144
1203996
1203000
1299764
1272064
1156896
1183844
1190576
1386908
1201516
1143764
1166396
1137352
1132132
1198796
1207124
1248244
1185972
1325384
1268768
1224508
1258628
1225312
1106272
1193264
1153904
1356716
1138980
1270888
1176480
1226056
1143348
1186672
1261788
1231036
1251000
1207164
1420380
1201000
1302896
1271480
1298504
1288272
1368664
1293936
1440112
1194584
