0.13504
0.122889
0.1281
0.121198
0.130049
0.120442
0.142703
0.119387
0.142247
0.119629
0.133083
0.112772
0.119218
0.128816
0.135269
0.111563
0.132967
0.126969
0.145038
0.113582
0.134088
0.11037
0.141331
0.128389
0.133812
0.110861
0.146234
0.121182
0.14391
0.124676
0.134592
0.127485
0.127114
0.125987
0.133373
0.124792
0.124181
0.115349
0.145866
0.125126
0.136082
0.130519
0.125689
0.131752
0.129673
0.127002
0.13072
0.123691
0.137839
0.125838
0.115812
0.117474
0.116867
0.129193
0.118038
0.119746
0.122107
0.130581
0.121472
0.122054
0.126911
0.119136
0.121781
0.132992
0.114986
0.127314
0.122151
0.128785
0.11894
0.131602
0.122033
0.120939
0.117296
0.128465
0.129987
0.122894
0.121797
0.123672
0.101211
0.120956
0.120445
0.125956
0.127537
0.121771
0.118463
0.113415
0.122076
0.117938
0.135279
0.121003
0.118366
0.125221
0.118466
0.132097
0.1134
0.123857
0.132369
0.116198
0.127627
0.125287
