0.102863
0.112135
0.137521
0.122617
0.129993
0.139149
0.126124
0.117712
0.12552
0.128515
0.125074
0.107753
0.136149
0.133859
0.116845
0.134595
0.129086
0.122675
0.124125
0.129722
0.115015
0.111845
0.139654
0.11986
0.119127
0.10591
0.119868
0.130842
0.111757
0.194779
0.0940242
0.0932544
0.124596
0.128114
0.124333
0.10581
0.115107
0.147292
0.107553
0.109367
0.118084
0.108044
0.128458
0.12545
0.117201
0.119598
0.116445
0.14371
0.143581
0.104647
0.116714
0.118022
0.104661
0.101792
0.136561
0.11059
0.104824
0.124693
0.118628
0.119454
0.105296
0.140771
0.0986818
0.123268
0.134169
0.122978
0.115092
0.0847458
0.120053
0.121708
0.110435
0.124407
0.122645
0.116591
0.140412
0.12044
0.120723
0.108862
0.132049
0.111445
0.123613
0.138148
0.113877
0.126029
0.126736
0.12488
0.112738
0.110258
0.146503
0.118809
0.108065
0.121094
0.113217
0.121099
0.108402
0.0965938
0.125621
0.113387
0.141725
0.125917
