0.0891286
0.0913803
0.0859669
0.0921268
0.0828086
0.0877752
0.0839582
0.091099
0.0841197
0.130938
0.110075
0.115365
0.11024
0.110782
0.10798
0.0929412
0.0953555
0.0916059
0.085073
0.088866
0.0899637
0.0910154
0.0939754
0.0975637
0.0919168
0.083672
0.0928041
0.0855504
0.0873261
0.091944
0.0853702
0.0916043
0.0910923
0.0831244
0.0840713
0.0884025
0.114332
0.10842
0.10892
0.118589
0.106909
0.110575
0.110582
0.114768
0.103548
0.115991
0.120745
0.115821
0.110191
0.111782
0.112731
0.115075
0.114295
0.113938
0.116983
0.11453
0.106318
0.107003
0.113861
0.102172
0.106525
0.108552
0.116629
0.093731
0.0982305
0.104518
0.0996503
0.0934507
0.100333
0.100642
0.116785
0.102071
0.101342
0.102003
0.111158
0.102356
0.109601
0.115869
0.105726
0.0971472
0.105619
0.113586
0.114435
0.100756
0.111729
0.111614
0.102457
0.118221
0.115008
0.119551
0.112815
0.113822
0.111633
0.121584
0.11229
0.101691
0.119858
0.108554
0.0982568
0.100757
