0.524735
0.566981
0.504673
0.595903
0.543021
0.576994
0.594258
0.534387
0.569933
0.5961
0.542751
0.553588
0.604356
0.49249
0.369742
0.414579
0.323784
0.312253
0.346129
0.311541
0.323353
0.557423
0.568918
0.574861
0.575506
0.595216
0.561205
0.578212
0.573801
0.571297
0.558226
0.579093
0.574194
0.558633
0.565421
0.571689
0.564246
0.575254
0.541383
0.544592
0.579431
0.590747
0.572736
0.562852
0.572356
0.581735
0.5421
0.569972
0.558909
0.519845
0.56238
0.580794
0.582326
0.597029
0.597712
0.599629
0.604505
0.580167
0.555019
0.547025
0.554589
0.530769
0.590009
0.590826
0.584746
0.591855
0.571811
0.584022
0.573816
0.576994
0.558659
0.55293
0.569274
0.58972
0.596906
0.568807
0.573889
0.591328
0.555556
0.590253
0.580381
0.565666
0.571429
0.590783
0.589104
0.563937
0.560647
0.532119
0.591408
0.589552
0.579403
0.539293
0.586692
0.609533
0.559048
0.567136
0.610342
0.577611
0.568949
0.569822
