0.535647
0.581651
0.500847
0.561386
0.580989
0.555556
0.560976
0.533333
0.534
0.502199
0.539683
0.576541
0.560158
0.545717
0.587744
0.564787
0.584887
0.598448
0.55468
0.584834
0.555445
0.561591
0.596774
0.571977
0.532811
0.588065
0.606805
0.597561
0.573614
0.556219
0.58309
0.533645
0.568116
0.586372
0.589914
0.563958
0.493851
0.567748
0.498162
0.554788
0.588694
0.562914
0.5827
0.51028
0.583253
0.500882
0.561335
0.563163
0.565676
0.571966
0.526266
0.575786
0.571564
0.544928
0.589118
0.524697
0.574091
0.492377
0.569216
0.578302
0.530494
0.567723
0.492726
0.559441
0.563584
0.538993
0.576848
0.522748
0.577358
0.560621
0.543284
0.564593
0.557843
0.562863
0.541833
0.564893
0.531047
0.57212
0.590211
0.555666
0.578592
0.555447
0.586667
0.601301
0.582218
0.504053
0.597948
0.368742
0.423077
0.302326
0.318869
0.294197
0.351678
0.356952
0.538164
0.559339
0.602765
0.580798
0.576602
0.575382
