0.73747
0.760804
0.747381
0.778738
0.772831
0.768189
0.77512
0.763499
0.774517
0.771989
0.767273
0.773608
0.771489
0.673505
0.633328
0.652965
0.618737
0.572837
0.624935
0.609734
0.607691
0.767792
0.767504
0.762713
0.762952
0.770253
0.765209
0.768344
0.766732
0.770312
0.768928
0.767997
0.76658
0.768528
0.763946
0.766711
0.774149
0.774675
0.766225
0.764333
0.768939
0.766942
0.770264
0.766726
0.76803
0.768561
0.768686
0.773718
0.769782
0.767222
0.777761
0.772616
0.774442
0.774947
0.778537
0.775373
0.768365
0.76934
0.774809
0.765149
0.767549
0.73788
0.762435
0.77533
0.763751
0.771442
0.769645
0.770905
0.768124
0.767631
0.766496
0.766532
0.771308
0.768053
0.770142
0.76859
0.768097
0.767083
0.767824
0.768126
0.767554
0.765374
0.769227
0.771462
0.771843
0.761332
0.764398
0.761968
0.770893
0.767983
0.773769
0.771451
0.778962
0.775491
0.774125
0.774515
0.780434
0.775837
0.775842
0.780907
