0.661525
0.698847
0.771287
0.781656
0.776556
0.778583
0.780146
0.783629
0.777316
0.782836
0.779986
0.78097
0.782101
0.782735
0.782441
0.781459
0.781951
0.784404
0.779997
0.78299
0.778846
0.781039
0.784086
0.781207
0.78314
0.770582
0.774723
0.764342
0.650164
0.514772
0.601333
0.648332
0.586611
0.612162
0.638676
0.680351
0.767358
0.682212
0.699041
0.698725
0.703002
0.700484
0.696213
0.712603
0.760843
0.764303
0.762225
0.761895
0.760679
0.762976
0.762178
0.761681
0.758757
0.762285
0.762628
0.759959
0.763693
0.76352
0.762292
0.761966
0.760419
0.760371
0.763577
0.760713
0.761676
0.762228
0.762579
0.763939
0.755014
0.76092
0.760058
0.759148
0.761191
0.760579
0.762397
0.762036
0.761561
0.759889
0.760598
0.761657
0.761391
0.762205
0.760924
0.760202
0.762036
0.761459
0.76174
0.760409
0.761094
0.759516
0.760003
0.754416
0.755479
0.759067
0.764428
0.772836
0.773547
0.774267
0.780361
0.776758
