0.127402
0.173138
0.268802
0.520562
0.575992
0.596285
0.435774
0.544046
0.574468
0.582947
0.590529
0.568981
0.58561
0.590164
0.559675
0.582817
0.582006
0.575393
0.594765
0.590909
0.562271
0.607493
0.574331
0.552876
0.543269
0.587316
0.57197
0.598013
0.58979
0.567742
0.584332
0.567178
0.588403
0.559535
0.590824
0.554801
0.571981
0.566794
0.566507
0.583333
0.565132
0.570076
0.549567
0.563567
0.556513
0.57047
0.579096
0.581461
0.566507
0.567335
0.568966
0.575472
0.580306
0.576959
0.585458
0.593458
0.582469
0.585993
0.55132
0.580374
0.51619
0.559925
0.399237
0.408643
0.436968
0.400153
0.543585
0.582947
0.576642
0.59462
0.567593
0.580822
0.564246
0.579194
0.606373
0.575499
0.574369
0.572097
0.569482
0.578182
0.575279
0.574558
0.596064
0.595018
0.605978
0.597015
0.565341
0.589219
0.582397
0.595568
0.573953
0.572222
0.602941
0.55907
0.601843
0.573034
0.595281
0.589204
0.59739
0.439406
