0.504308
0.471553
0.553887
0.744139
0.768085
0.775291
0.651701
0.760121
0.771232
0.768393
0.775644
0.770605
0.778194
0.780022
0.77476
0.776794
0.776173
0.779489
0.775495
0.773844
0.771529
0.775408
0.77501
0.772277
0.771105
0.771077
0.775374
0.779259
0.775265
0.777218
0.773922
0.752587
0.781854
0.776761
0.776564
0.777789
0.779962
0.780455
0.779227
0.779659
0.776975
0.77943
0.780725
0.77862
0.776697
0.780602
0.777869
0.778141
0.775068
0.776315
0.774864
0.774804
0.780142
0.777269
0.781304
0.782634
0.780729
0.765679
0.7721
0.778543
0.763116
0.769605
0.65035
0.652305
0.693103
0.702341
0.767641
0.775483
0.770809
0.778299
0.774339
0.778456
0.771584
0.776269
0.779468
0.775486
0.769766
0.770723
0.776162
0.769468
0.775292
0.758007
0.776793
0.774845
0.77477
0.774191
0.773185
0.776093
0.772723
0.777837
0.77378
0.774515
0.77445
0.766024
0.774515
0.77827
0.775503
0.780537
0.778678
0.69047
