0.524575
0.56602
0.586047
0.575786
0.578413
0.568015
0.571816
0.566288
0.583559
0.601088
0.566944
0.588504
0.595109
0.585821
0.573003
0.58129
0.574606
0.595588
0.567773
0.554529
0.578212
0.569507
0.579802
0.529907
0.565969
0.567437
0.594867
0.57919
0.59115
0.589269
0.561086
0.559817
0.579044
0.574488
0.596685
0.586876
0.569703
0.592627
0.576037
0.568998
0.6
0.606373
0.576239
0.579943
0.590868
0.595547
0.562617
0.571698
0.573433
0.583874
0.581784
0.584801
0.568773
0.574091
0.562442
0.57799
0.585502
0.553977
0.574369
0.569274
0.562085
0.574004
0.570217
0.567235
0.563567
0.56878
0.582625
0.567317
0.560491
0.57924
0.582006
0.595172
0.581417
0.583728
0.591536
0.582781
0.590271
0.589837
0.594995
0.596045
0.55141
0.575092
0.595041
0.57261
0.596082
0.560634
0.583799
0.580615
0.595392
0.573137
0.590372
0.57342
0.592426
0.597015
0.576994
0.58494
0.582173
0.572233
0.601611
0.580944
