0.532637
0.427002
0.521569
0.599813
0.584046
0.56638
0.570067
0.574927
0.595442
0.582469
0.590566
0.575587
0.582061
0.555651
0.598307
0.56019
0.587199
0.603189
0.607207
0.58473
0.590826
0.586047
0.588899
0.582788
0.597755
0.595104
0.555661
0.589935
0.600746
0.572484
0.568646
0.576602
0.592215
0.577737
0.577904
0.582397
0.570627
0.580349
0.57924
0.550712
0.563636
0.579492
0.588847
0.585502
0.590317
0.563218
0.571709
0.553785
0.587844
0.5827
0.587902
0.571429
0.58818
0.557409
0.573755
0.579588
0.569801
0.572797
0.563273
0.572106
0.563163
0.594366
0.588619
0.567108
0.561137
0.59161
0.572744
0.58365
0.601103
0.605119
0.591536
0.59707
0.597438
0.615036
0.596805
0.569822
0.571429
0.564815
0.57885
0.585145
0.576744
0.571696
0.56391
0.575472
0.583019
0.604224
0.599442
0.60553
0.582243
0.595463
0.588235
0.572588
0.576067
0.582788
0.581905
0.437544
0.562852
0.58785
0.608286
0.586629
