0.536435
0.420325
0.545627
0.53869
0.593928
0.572519
0.571565
0.521947
0.569444
0.57722
0.548638
0.567698
0.582046
0.571154
0.592803
0.565776
0.567568
0.572254
0.597734
0.496489
0.532567
0.521113
0.545368
0.407181
0.407994
0.393182
0.388025
0.448927
0.46305
0.566163
0.565176
0.570225
0.554134
0.549133
0.578748
0.565949
0.578605
0.556084
0.556196
0.564841
0.569668
0.552354
0.561178
0.575213
0.584746
0.552964
0.581132
0.566891
0.564405
0.551357
0.583012
0.573501
0.56334
0.571293
0.558071
0.573614
0.583015
0.564659
0.582755
0.566092
0.550285
0.566634
0.551992
0.568513
0.564961
0.551891
0.596929
0.583413
0.545153
0.594069
0.568116
0.574427
0.546059
0.56447
0.569392
0.582397
0.566479
0.573816
0.548664
0.554511
0.560634
0.567948
0.55619
0.573296
0.571291
0.553232
0.564562
0.571693
0.553875
0.564151
0.56015
0.577243
0.531041
0.563619
0.52878
0.571148
0.559322
0.562261
0.561776
0.569392
