0.646367
0.611859
0.704483
0.567397
0.674387
0.614654
0.762382
0.770753
0.765527
0.768335
0.77413
0.638834
0.776641
0.775575
0.77479
0.777748
0.773557
0.776757
0.773132
0.77535
0.774252
0.781217
0.781169
0.778664
0.775751
0.782553
0.781926
0.783033
0.781184
0.781492
0.781315
0.72178
0.768365
0.769567
0.778288
0.771887
0.775144
0.772709
0.773036
0.772082
0.772517
0.772364
0.772194
0.775069
0.772626
0.773373
0.773551
0.775729
0.772116
0.773687
0.770211
0.772153
0.775994
0.773455
0.774154
0.775595
0.774175
0.771604
0.771991
0.777754
0.774636
0.779581
0.781298
0.782027
0.77834
0.778381
0.778328
0.781348
0.779348
0.781932
0.779775
0.778183
0.783082
0.782754
0.780147
0.781189
0.783151
0.783067
0.78136
0.78329
0.782867
0.7797
0.779902
0.771549
0.778347
0.76983
0.771283
0.767509
0.77165
0.772183
0.774127
0.771776
0.772308
0.770127
0.774655
0.773438
0.772593
0.769462
0.772697
0.77328
