0.737725
0.6845
0.772397
0.769529
0.775581
0.777138
0.775991
0.686916
0.773468
0.773628
0.769432
0.771402
0.773856
0.770953
0.773399
0.778944
0.775151
0.779991
0.773986
0.722871
0.766558
0.762388
0.768225
0.651185
0.653704
0.646363
0.656415
0.685519
0.739663
0.765423
0.75915
0.767143
0.761134
0.765789
0.766617
0.76391
0.765583
0.761865
0.765886
0.763449
0.768863
0.76739
0.759481
0.764732
0.768259
0.772479
0.771515
0.770548
0.774663
0.774434
0.780599
0.777981
0.771537
0.777848
0.782797
0.780429
0.780849
0.779041
0.782063
0.779593
0.77404
0.778794
0.777811
0.780044
0.774969
0.776275
0.78536
0.781827
0.746495
0.775241
0.768452
0.772128
0.763558
0.76452
0.765969
0.770745
0.767149
0.767904
0.768122
0.764
0.765507
0.76513
0.769514
0.771312
0.769727
0.765266
0.76342
0.76653
0.762359
0.768805
0.765615
0.770789
0.758897
0.764197
0.762972
0.771063
0.773842
0.776933
0.775359
0.778745
