0.742704
0.766788
0.697311
0.766411
0.775281
0.758549
0.775938
0.744111
0.774349
0.737474
0.675546
0.767586
0.773603
0.762957
0.773844
0.744654
0.769342
0.77645
0.766702
0.76933
0.744723
0.767985
0.698493
0.771957
0.77324
0.769692
0.775775
0.746231
0.776145
0.70057
0.771819
0.772414
0.763803
0.774139
0.736012
0.769213
0.779875
0.777829
0.766558
0.774482
0.775947
0.768103
0.778407
0.774076
0.771384
0.770518
0.778608
0.776935
0.773258
0.775997
0.7779
0.768047
0.777299
0.770682
0.77029
0.775433
0.7214
0.774879
0.743916
0.768685
0.762704
0.761964
0.772753
0.746384
0.772618
0.701968
0.771647
0.714035
0.763731
0.773462
0.765259
0.774558
0.746662
0.771586
0.698547
0.774743
0.774258
0.766783
0.776891
0.748282
0.769033
0.702521
0.774767
0.768833
0.765579
0.767009
0.741528
0.7712
0.768849
0.763508
0.780138
0.772665
0.769029
0.777861
0.771306
0.773755
0.773285
0.776657
0.776156
0.778745
