0.547718
0.583412
0.512653
0.536842
0.407002
0.393658
0.297203
0.304955
0.301045
0.37803
0.460763
0.544379
0.557765
0.547098
0.561022
0.56262
0.583715
0.577715
0.573694
0.564607
0.548077
0.573724
0.569843
0.583567
0.581937
0.569524
0.575843
0.57924
0.586402
0.591078
0.567593
0.579285
0.583333
0.574109
0.572779
0.580702
0.580153
0.582006
0.57047
0.541109
0.55619
0.5845
0.564922
0.568182
0.570476
0.601124
0.581463
0.582769
0.574448
0.581328
0.574305
0.546512
0.579151
0.579545
0.579922
0.586667
0.583804
0.61039
0.570605
0.584428
0.583254
0.541197
0.557047
0.581107
0.560976
0.565543
0.582488
0.577904
0.569113
0.57656
0.568008
0.580737
0.568834
0.583096
0.566479
0.596442
0.570482
0.569549
0.565504
0.58209
0.573614
0.575163
0.576448
0.582938
0.568868
0.56654
0.545619
0.554484
0.574735
0.568684
0.571842
0.573206
0.574056
0.590431
0.57517
0.583728
0.566763
0.574953
0.580521
0.581506
