0.697374
0.773893
0.696533
0.77457
0.653148
0.650136
0.574391
0.577672
0.570876
0.654251
0.704745
0.762457
0.772394
0.769063
0.770968
0.771762
0.767013
0.769247
0.766842
0.769258
0.76805
0.769703
0.769538
0.772553
0.769473
0.770296
0.76851
0.770111
0.770701
0.768682
0.771662
0.769013
0.771889
0.76961
0.772466
0.756694
0.769026
0.769963
0.775973
0.773728
0.777307
0.776267
0.774843
0.77927
0.782363
0.780524
0.777439
0.779425
0.775326
0.777353
0.776182
0.774522
0.778377
0.775059
0.779965
0.777669
0.776324
0.776337
0.777616
0.776289
0.775365
0.760877
0.767829
0.775064
0.77701
0.770052
0.768908
0.769204
0.770007
0.770985
0.769553
0.769141
0.770839
0.771055
0.767506
0.769646
0.770935
0.770544
0.770162
0.768895
0.769476
0.772987
0.767696
0.76903
0.767837
0.77196
0.735126
0.776081
0.779576
0.776043
0.77496
0.776839
0.776452
0.778813
0.779528
0.779142
0.775359
0.777525
0.77547
0.777902
