0.518692
0.580524
0.564319
0.56942
0.575
0.560386
0.532227
0.560429
0.416601
0.313361
0.344757
0.286923
0.343448
0.3287
0.41791
0.58439
0.56501
0.560235
0.5625
0.586141
0.584762
0.580989
0.611586
0.590086
0.578278
0.574489
0.576885
0.587896
0.578592
0.558233
0.568665
0.576621
0.582133
0.583491
0.582046
0.591522
0.575445
0.566891
0.589744
0.568138
0.586273
0.603083
0.578497
0.609142
0.579904
0.574691
0.583815
0.575992
0.586437
0.595122
0.584615
0.59619
0.590291
0.593188
0.611111
0.598865
0.605833
0.588292
0.586832
0.596064
0.564327
0.599127
0.559501
0.583969
0.569608
0.570048
0.562319
0.565049
0.592664
0.566891
0.538308
0.564961
0.566019
0.566056
0.562194
0.57087
0.575342
0.571981
0.608818
0.568665
0.566699
0.561951
0.546161
0.584366
0.541955
0.585034
0.576288
0.555471
0.594595
0.6
0.578212
0.589385
0.576303
0.584428
0.585047
0.573571
0.587182
0.584514
0.577105
0.589235
