0.505948
0.51073
0.550778
0.583409
0.571429
0.562857
0.545629
0.605436
0.595765
0.589133
0.589962
0.58107
0.359216
0.279608
0.319184
0.261854
0.282182
0.266216
0.291255
0.546614
0.50098
0.573359
0.508676
0.597183
0.536287
0.544191
0.570335
0.504798
0.551923
0.487109
0.584977
0.543756
0.459184
0.510264
0.553753
0.567355
0.572788
0.594803
0.570305
0.583741
0.574951
0.544652
0.579568
0.57998
0.584555
0.574656
0.548682
0.575221
0.590291
0.563297
0.576482
0.56962
0.577188
0.572134
0.56699
0.578646
0.567755
0.568493
0.554637
0.528
0.575023
0.504817
0.568915
0.495845
0.555775
0.575342
0.556557
0.576382
0.535019
0.55653
0.498565
0.545889
0.50805
0.553465
0.578898
0.537298
0.57075
0.496176
0.571566
0.51087
0.556219
0.56501
0.531515
0.588015
0.494706
0.557171
0.582769
0.59739
0.550669
0.573333
0.570058
0.565217
0.562679
0.532673
0.592871
0.572375
0.568702
0.543825
0.565005
0.570328
