0.674426
0.655197
0.762942
0.7758
0.775128
0.767656
0.776956
0.775682
0.780392
0.777229
0.778663
0.749944
0.586664
0.57097
0.634919
0.6017
0.549105
0.554402
0.618101
0.762456
0.743266
0.766084
0.695778
0.765663
0.712257
0.761884
0.768569
0.745789
0.76471
0.695733
0.764354
0.760612
0.733915
0.742104
0.776224
0.769238
0.781071
0.780456
0.777839
0.780164
0.776905
0.777707
0.778483
0.778531
0.777187
0.777315
0.779124
0.780692
0.778956
0.779704
0.780237
0.780575
0.777634
0.780365
0.778974
0.77725
0.776143
0.780772
0.756046
0.76757
0.776086
0.746792
0.775929
0.702823
0.771422
0.718217
0.770233
0.773707
0.767811
0.777505
0.74869
0.774444
0.704346
0.769984
0.775222
0.768949
0.778538
0.748703
0.775043
0.704507
0.771318
0.778059
0.73254
0.774168
0.747914
0.772258
0.778044
0.773326
0.770551
0.770381
0.777943
0.778004
0.776137
0.767882
0.777708
0.77282
0.773721
0.769162
0.774338
0.7738
