0.627335
0.594635
0.670618
0.708066
0.766534
0.766478
0.769439
0.76844
0.766597
0.769613
0.769926
0.749611
0.76178
0.770018
0.776552
0.775778
0.773954
0.775548
0.77563
0.775592
0.771473
0.774454
0.774349
0.775183
0.772836
0.777669
0.775852
0.779864
0.775887
0.771145
0.775671
0.774247
0.777214
0.774922
0.773876
0.775183
0.774897
0.741811
0.766794
0.772393
0.774633
0.771059
0.771748
0.775376
0.767957
0.77088
0.770361
0.772388
0.767547
0.765162
0.770061
0.766311
0.767667
0.771694
0.768447
0.77077
0.767953
0.767866
0.771912
0.766426
0.767383
0.768424
0.751816
0.768513
0.770484
0.774288
0.774889
0.774554
0.776127
0.772288
0.775157
0.773526
0.777618
0.778225
0.774645
0.776241
0.776121
0.77328
0.77683
0.772888
0.777665
0.774627
0.775619
0.775105
0.77776
0.775071
0.773516
0.773682
0.749683
0.774569
0.68975
0.766306
0.672006
0.653179
0.652614
0.645444
0.656839
0.685746
0.697955
0.73944
