0.388451
0.377132
0.419192
0.544702
0.517928
0.58365
0.588235
0.566667
0.571028
0.56686
0.577143
0.544131
0.554379
0.574508
0.569913
0.565511
0.554808
0.566952
0.568851
0.574976
0.580553
0.555556
0.557936
0.577928
0.602817
0.590994
0.581905
0.577841
0.56244
0.550096
0.579981
0.579245
0.571973
0.57674
0.56816
0.585047
0.578348
0.547578
0.579981
0.585206
0.581835
0.587406
0.582397
0.585981
0.601307
0.61413
0.578646
0.575071
0.581262
0.576516
0.574388
0.590226
0.599442
0.582707
0.591458
0.594258
0.571017
0.574757
0.572387
0.551556
0.58562
0.571702
0.565022
0.59035
0.560461
0.56584
0.581351
0.561605
0.568834
0.557692
0.572387
0.601896
0.576775
0.592912
0.58673
0.576108
0.584366
0.583412
0.590304
0.590693
0.594747
0.60541
0.591954
0.585782
0.591378
0.580492
0.55973
0.575992
0.548576
0.573724
0.460086
0.599631
0.515563
0.431433
0.408439
0.433636
0.42394
0.467174
0.492653
0.495567
