0.538462
0.572864
0.469559
0.43346
0.442449
0.341518
0.323066
0.329957
0.384615
0.580095
0.573614
0.585754
0.585502
0.583333
0.581068
0.574906
0.578413
0.593488
0.610906
0.585066
0.577799
0.585411
0.596475
0.595705
0.581132
0.589503
0.576594
0.615949
0.578947
0.565877
0.57845
0.582863
0.588889
0.589671
0.58046
0.581439
0.572243
0.599814
0.561722
0.566507
0.582064
0.550141
0.577778
0.596491
0.56926
0.607595
0.577243
0.586368
0.59726
0.582479
0.592904
0.59197
0.586692
0.586654
0.588837
0.579343
0.508384
0.565336
0.617097
0.598346
0.583948
0.581157
0.594203
0.611913
0.597995
0.598754
0.56948
0.586654
0.582278
0.580374
0.622711
0.58972
0.6
0.589219
0.563041
0.587361
0.575786
0.576959
0.58444
0.597341
0.589286
0.572788
0.581285
0.606203
0.586011
0.570885
0.580584
0.55132
0.554171
0.579502
0.584046
0.571429
0.588556
0.597948
0.58097
0.591207
0.596507
0.581285
0.527464
0.587744
