0.528409
0.571973
0.570363
0.575071
0.616983
0.582407
0.587917
0.584769
0.574024
0.57235
0.440316
0.390676
0.33861
0.391275
0.417844
0.347582
0.428683
0.552607
0.552253
0.579194
0.565676
0.593407
0.565849
0.578024
0.529844
0.531008
0.55607
0.571966
0.568868
0.601641
0.586692
0.528197
0.58829
0.583181
0.564607
0.563619
0.576336
0.57757
0.584817
0.577819
0.565217
0.595608
0.569822
0.570647
0.607985
0.573407
0.593957
0.57277
0.560345
0.584186
0.582326
0.586592
0.570755
0.578404
0.566604
0.576516
0.579642
0.549195
0.577423
0.548259
0.566667
0.541506
0.55773
0.57185
0.582934
0.566569
0.585366
0.556784
0.550495
0.588577
0.552684
0.562992
0.57001
0.572854
0.558882
0.556863
0.569
0.567061
0.557749
0.590164
0.558736
0.573255
0.575845
0.594621
0.550967
0.591328
0.591727
0.586777
0.580381
0.568756
0.577697
0.56325
0.582552
0.586521
0.586301
0.511841
0.573333
0.570768
0.569714
0.590868
