0.745481
0.763084
0.771828
0.771913
0.772669
0.778833
0.774329
0.778055
0.761987
0.771203
0.655511
0.620846
0.572569
0.625144
0.655064
0.605631
0.698706
0.751505
0.764184
0.76999
0.771311
0.77611
0.768852
0.776247
0.717846
0.766549
0.775097
0.775419
0.778731
0.781377
0.774495
0.710176
0.774815
0.77493
0.776404
0.77568
0.772648
0.780165
0.776225
0.775053
0.77468
0.783668
0.777954
0.777126
0.776946
0.777398
0.783704
0.77725
0.773321
0.771078
0.785166
0.782565
0.778934
0.780157
0.778521
0.777617
0.779409
0.75851
0.772117
0.770952
0.77204
0.767109
0.778506
0.776016
0.771156
0.773757
0.774922
0.778543
0.772828
0.775264
0.772101
0.771192
0.772919
0.774411
0.770504
0.776015
0.774161
0.775396
0.776252
0.774015
0.773973
0.77664
0.773221
0.769259
0.746296
0.767114
0.762845
0.763874
0.761632
0.762947
0.766483
0.761814
0.762773
0.765257
0.767168
0.689087
0.763919
0.775054
0.763982
0.767637
