0.697792
0.689929
0.626184
0.654225
0.655813
0.621813
0.575535
0.571759
0.667692
0.761796
0.77079
0.767929
0.768428
0.768465
0.768389
0.765939
0.770128
0.776322
0.776161
0.778834
0.775119
0.775519
0.777735
0.776525
0.778189
0.783011
0.7794
0.77795
0.77998
0.776857
0.780285
0.777
0.778344
0.778126
0.779078
0.776046
0.780635
0.776651
0.77469
0.777526
0.738909
0.761139
0.765147
0.771069
0.768348
0.765094
0.767126
0.767069
0.769007
0.768597
0.768643
0.767269
0.771876
0.769838
0.775283
0.766006
0.687942
0.763971
0.767663
0.771416
0.771476
0.766368
0.770263
0.768869
0.768537
0.760607
0.715582
0.767448
0.765311
0.773192
0.775972
0.774677
0.779516
0.774867
0.778027
0.778871
0.776824
0.776234
0.78021
0.781215
0.781682
0.776765
0.775185
0.776103
0.779035
0.773156
0.776421
0.775684
0.779582
0.776625
0.778482
0.775643
0.76698
0.765027
0.767793
0.767783
0.766677
0.76866
0.693651
0.766078
