2.39358
2.2688
2.37232
2.38538
2.37467
2.38004
2.322
2.32142
2.36071
2.31135
2.38081
2.34105
2.37723
2.37262
2.38821
2.35832
2.08229
2.1464
2.35928
2.13862
2.36099
2.37331
2.3309
2.37484
2.38707
2.3296
2.33387
2.39256
2.38945
2.28317
2.31455
2.38297
2.38341
2.38481
2.32702
2.36281
2.3916
2.34583
2.3514
2.34265
2.09777
2.37906
2.35498
2.35865
2.38104
2.03939
2.38999
2.36384
2.35676
2.35245
2.37769
2.37902
2.34567
2.37814
2.33875
2.35321
2.35177
2.376
2.24729
2.38907
2.33794
2.39458
1.99735
2.37368
2.34526
2.36643
2.39041
2.33078
2.24587
2.33096
2.19204
2.31985
2.39521
2.34721
2.34429
2.37952
2.3434
2.33372
2.31625
2.33006
2.32998
2.29281
2.37868
2.38291
2.37544
2.376
2.32397
2.39545
2.37104
2.38097
2.16696
2.38774
2.34735
2.36816
2.33939
2.38584
2.3539
2.36128
2.34768
2.37287
