8364448
8652032
8406352
8359072
8392720
8382928
8618936
8699920
8538892
8633004
8384392
8420176
8380960
8371916
8350248
8456632
10283880
9676088
8385356
10059500
8459280
8390000
8571356
8400616
8356540
8596276
8567668
8345848
8373084
8402656
8685740
8378608
8371640
8386568
8641956
8373364
8339240
8525584
8569928
8406056
8780748
8384320
8425940
8448132
8394788
8496496
8375972
8452588
8562540
8569520
8392112
8398760
8561992
8384676
8626344
8434916
8569796
8396472
9749856
8343996
8622532
8326124
9578008
8387648
8586056
8401140
8333796
8582672
9724272
8628800
8881620
8599376
8321376
8566108
8601992
8388248
8539384
8625276
8703272
9466856
8441160
9316756
8389688
8369360
8381540
8392720
9669604
8352620
8409832
8380868
9029968
8362020
8380908
8394624
8373380
8354868
8556444
8373872
8576904
8355932
