0.108328
0.110238
0.0974517
0.100726
0.106614
0.110845
0.0971257
0.111643
0.116288
0.1208
0.105377
0.1133
0.118148
0.120259
0.10711
0.114886
0.119944
0.12275
0.109364
0.10473
0.117996
0.122655
0.10659
0.113301
0.115183
0.122404
0.107269
0.113825
0.119563
0.121968
0.106424
0.112947
0.138271
0.123822
0.111334
0.125143
0.127871
0.134568
0.113635
0.122506
0.126436
0.131444
0.115222
0.123582
0.129218
0.133965
0.115728
0.125001
0.129042
0.13227
0.118699
0.123363
0.126262
0.132895
0.119136
0.122964
0.121626
0.132738
0.119271
0.120306
0.12602
0.132559
0.115686
0.122575
0.122992
0.129108
0.115547
0.12122
0.125247
0.119797
0.109894
0.111701
0.113216
0.102945
0.100312
0.109609
0.117419
0.112109
0.118694
0.119534
0.115173
0.216439
0.103014
0.108472
0.110395
0.115613
0.100546
0.110636
0.114254
0.107667
0.103748
0.108326
0.11232
0.116401
0.104269
0.104233
0.125835
0.115137
0.100943
0.107459
