0.144972
0.125223
0.140787
0.137403
0.140244
0.140081
0.158621
0.140171
0.141669
0.136379
0.158987
0.138846
0.13826
0.164656
0.162623
0.138787
0.141065
0.143238
0.158651
0.142671
0.139915
0.141629
0.158586
0.140832
0.139688
0.131418
0.133837
0.116047
0.125632
0.124145
0.141121
0.123856
0.119979
0.125603
0.138893
0.115645
0.118163
0.116048
0.137513
0.119937
0.115889
0.120969
0.137258
0.119742
0.11689
0.115203
0.137492
0.117048
0.116469
0.120991
0.141203
0.115996
0.117195
0.119956
0.137217
0.11786
0.117812
0.122382
0.134013
0.119094
0.113343
0.121835
0.137134
0.115538
0.113813
0.123266
0.135137
0.119474
0.113504
0.119437
0.139363
0.117519
0.119981
0.124343
0.139806
0.114731
0.119303
0.141623
0.137447
0.113848
0.116904
0.118677
0.137114
0.11891
0.116962
0.121854
0.136425
0.119638
0.115408
0.117293
0.137709
0.11583
0.116014
0.122511
0.137878
0.118671
0.117629
0.118576
0.136993
0.118602
