0.225096
0.224966
0.213637
0.219287
0.224745
0.221166
0.218749
0.219112
0.225545
0.223867
0.219401
0.221939
0.221877
0.220362
0.217531
0.219583
0.229534
0.228357
0.212073
0.218508
0.220194
0.224569
0.219288
0.219627
0.220614
0.221586
0.229513
0.217052
0.227202
0.22241
0.213957
0.218714
0.220826
0.219766
0.216103
0.216995
0.22097
0.219806
0.216512
0.231443
0.219199
0.219501
0.217674
0.221714
0.221021
0.220521
0.219128
0.21899
0.221544
0.218322
0.224083
0.218958
0.21811
0.218988
0.218405
0.223872
0.219024
0.218636
0.214778
0.220103
0.218972
0.219616
0.216668
0.220227
0.222355
0.221074
0.228229
0.219049
0.216663
0.221521
0.216609
0.221924
0.225188
0.220468
0.216614
0.219781
0.21649
0.223153
0.220696
0.214372
0.225793
0.227176
0.223604
0.225664
0.222731
0.212135
0.221419
0.222606
0.217019
0.228767
0.212623
0.222043
0.222828
0.228428
0.22297
0.224694
0.223787
0.231186
0.224345
0.22341
