0.0160136
0.0544692
0.0197753
0.0206263
0.0186808
0.0385375
0.0208626
0.0190975
0.019602
0.0208591
0.0187424
0.0222719
0.0215651
0.0260105
0.0383823
0.0252294
0.0186417
0.0207452
0.025444
0.0226312
0.0517627
0.0232567
0.0208393
0.0209534
0.0191901
0.0532053
0.021996
0.025111
0.0234328
0.0179898
0.0208913
0.0557474
0.0250009
0.0476938
0.0218011
0.0192558
0.0241928
0.0204126
0.0428588
0.0186461
0.0411234
0.0390661
0.0388422
0.0342544
0.0419739
0.0229149
0.0526005
0.0203193
0.0183613
0.0210357
0.0215707
0.0189125
0.019072
0.0203027
0.0181929
0.0215411
0.0191274
0.0204563
0.0215728
0.0225248
0.0470631
0.0174856
0.0169931
0.0213766
0.0201704
0.0185946
0.020554
0.0174995
0.0408315
0.0412757
0.0200376
0.020433
0.0199577
0.0229785
0.0192643
0.019993
0.0193784
0.0183847
0.0220127
0.0188154
0.0206843
0.0455212
0.0383381
0.0345089
0.0413945
0.0389554
0.0260693
0.0208205
0.0173187
0.0545394
0.037774
0.0189748
0.0178954
0.0197409
0.0187668
0.0204054
0.0196371
0.0251159
0.0187692
0.0183353
