0.0179275
0.0252809
0.0278955
0.0289079
0.0297996
0.0267537
0.0259907
0.0238467
0.109382
0.0265665
0.0231244
0.0239761
0.0285447
0.0262225
0.0253454
0.0271591
0.0259732
0.0296437
0.0229929
0.0357248
0.0243857
0.0291545
0.030162
0.0264583
0.0244852
0.0270108
0.0358329
0.0316447
0.02849
0.0252981
0.0267021
0.0295961
0.0252341
0.0283627
0.0310001
0.0286445
0.0257266
0.0333146
0.0608029
0.0290312
0.0303451
0.0256436
0.0255437
0.0254291
0.0229208
0.025185
0.0319473
0.0250988
0.0277735
0.0307264
0.0270349
0.0270786
0.0277011
0.0284446
0.0240488
0.0899162
0.038096
0.0297169
0.062726
0.026243
0.0317295
0.0664687
0.0289717
0.0319137
0.02816
0.0378086
0.0250666
0.024377
0.030082
0.0264762
0.0288891
0.0285491
0.0364914
0.0279921
0.0328251
0.0267525
0.0334756
0.0273807
0.0272466
0.02577
0.0311256
0.0287504
0.0313638
0.0306162
0.0257548
0.0311696
0.0227801
0.0266842
0.0333812
0.0261602
0.0330246
0.0319542
0.0276275
0.0295885
0.0258526
0.0322892
0.0316237
0.029751
0.0283962
0.0266904
