1.25495
1.36759
1.17142
1.21983
1.202
1.17077
1.22126
1.19229
1.83689
1.22917
1.21067
1.18457
1.19997
1.19394
1.1787
1.19423
1.73133
1.58207
1.1481
1.17531
1.1775
1.21316
1.20698
1.2014
1.19093
1.18896
1.70719
1.1711
1.8967
1.20988
1.18316
1.19825
1.5787
1.17504
1.18108
1.19753
1.21226
1.16946
1.17582
1.73785
1.19775
1.18069
1.2122
1.17889
1.2369
1.17771
1.21322
1.20306
1.22618
1.17812
1.84882
1.19693
1.1963
1.20095
1.18639
1.9058
1.17809
1.18473
1.19375
1.22965
1.20219
1.22932
1.19542
1.2076
1.8883
1.18664
1.72021
1.21136
1.18531
1.20576
1.21064
1.78918
1.87246
1.21355
1.176
1.19313
1.73619
1.22852
1.89158
1.17778
1.86275
1.92569
1.2072
1.91885
1.20294
2.51673
1.23933
1.23624
1.15962
1.87969
1.17947
1.20412
1.22017
1.89966
1.2133
1.22113
1.21563
1.78183
1.88696
1.21471
