0.104897
0.110759
0.110578
0.103881
0.10919
0.112414
0.107629
0.103273
0.109161
0.112453
0.100922
0.107592
0.115439
0.113017
0.10367
0.12019
0.117226
0.123791
0.125844
0.114999
0.113483
0.122883
0.122693
0.114892
0.112938
0.113057
0.119451
0.120536
0.126278
0.106515
0.119522
0.116299
0.125183
0.113996
0.119917
0.113418
0.124066
0.141426
0.123761
0.110112
0.116909
0.115615
0.118992
0.10896
0.116908
0.117194
0.119792
0.100339
0.120327
0.126021
0.117979
0.135656
0.109688
0.112485
0.107235
0.122359
0.110807
0.111042
0.111588
0.126974
0.109977
0.126157
0.101981
0.110356
0.109207
0.116941
0.138107
0.1216
0.119608
0.122937
0.121368
0.102236
0.130007
0.116309
0.111371
0.113967
0.12122
0.106639
0.0990209
0.112731
0.113289
0.117141
0.119028
0.111277
0.116462
0.124474
0.0780116
0.115887
0.117542
0.126575
0.108779
0.12084
0.124332
0.119942
0.114441
0.116957
0.123063
0.110396
0.109349
0.121411
