1.86031
1.83213
1.81461
1.84493
1.84845
1.8462
1.85078
1.84723
1.84602
1.84675
1.84832
1.85018
1.84954
1.84465
1.85176
1.84822
1.83402
1.84561
1.83984
1.8505
1.85394
1.84872
1.85005
1.85054
1.84259
1.84326
1.81562
1.82121
1.85803
1.84256
1.84941
1.84203
1.85024
1.84981
1.85003
1.84792
1.84861
1.84631
1.84673
1.85207
1.83959
1.84951
1.84928
1.85123
1.84186
1.84507
1.84161
1.84555
1.84848
1.85017
1.8529
1.84588
1.85022
1.83548
1.84631
1.84753
1.84431
1.84788
1.84128
1.83595
1.84621
1.85068
1.84334
1.84724
1.84622
1.84486
1.85078
1.85148
1.84942
1.85352
1.83268
1.85225
1.85511
1.85089
1.8338
1.83083
1.84945
1.84967
1.84235
1.80273
1.84132
1.84332
1.85135
1.8493
1.84925
1.85053
1.84876
1.84741
1.84462
1.83782
1.85046
1.7902
1.84641
1.83472
1.84797
1.83168
1.84875
1.84911
1.80715
1.84095
