0.0740353
0.0566431
0.0552387
0.0616062
0.0485866
0.0568333
0.0489572
0.05623
0.0575011
0.0553129
0.0479259
0.0566456
0.057187
0.0723645
0.0565817
0.0475443
0.0576011
0.058512
0.0508353
0.0543664
0.0606924
0.0532932
0.0577214
0.0546362
0.0536229
0.0504719
0.0561958
0.0574813
0.0573571
0.0502617
0.0605676
0.0568174
0.0616354
0.0494115
0.0533178
0.056162
0.0451303
0.0620425
0.0515562
0.0524577
0.0597542
0.0593719
0.0503652
0.052011
0.0469856
0.0577099
0.0487448
0.0592871
0.0519375
0.0517231
0.049562
0.0623033
0.0539819
0.0584394
0.0591219
0.0582194
0.0528859
0.0526628
0.0615716
0.0542889
0.0598566
0.0434735
0.0565333
0.0452384
0.0648814
0.0564217
0.0566587
0.0556294
0.0608274
0.0481533
0.0598905
0.0553694
0.0591295
0.05806
0.0493894
0.0597248
0.0603932
0.0523434
0.0522909
0.0514949
0.0563917
0.0623208
0.0537428
0.0590694
0.0517676
0.0627586
0.0604205
0.0586193
0.0625395
0.0553866
0.0523041
0.0568707
0.057377
0.0587284
0.0599476
0.0553456
0.0621437
0.0510864
0.0603478
0.0463154
