0.0703755
0.0713886
0.0698711
0.0700583
0.0688137
0.0724781
0.071844
0.0705193
0.0710057
0.0734486
0.0699163
0.0714903
0.0705437
0.0718305
0.0706455
0.0700646
0.0719159
0.0685198
0.0722875
0.070092
0.0713851
0.0714195
0.0728541
0.0712611
0.0699191
0.0731082
0.0702689
0.0708125
0.0716706
0.0728015
0.0698526
0.071269
0.0734297
0.0716019
0.0692017
0.0726705
0.0732866
0.0711707
0.0696665
0.0716237
0.073044
0.0733676
0.0714462
0.0716268
0.071881
0.0716294
0.0703961
0.0711491
0.0715018
0.0715184
0.0725966
0.0716291
0.0728029
0.0708133
0.0715144
0.0719884
0.0705888
0.0718636
0.0710144
0.0678069
0.0708767
0.0705681
0.0706865
0.0699238
0.0694465
0.0692996
0.0703427
0.0689707
0.0671049
0.0709546
0.0682072
0.0694413
0.0707352
0.0755356
0.0683332
0.0665226
0.0686362
0.0779284
0.089061
0.0692099
0.0810551
0.0935066
0.0703077
0.0718523
0.0684963
0.0680632
0.0693087
0.0690877
0.0702161
0.0782213
0.0681055
0.0699632
0.0719033
0.0697464
0.0704131
0.0706212
0.0712853
0.0708098
0.0694765
0.0684133
