7347716
7464976
7210628
7360672
7465904
7471468
7283760
7416996
8243772
7287872
7412936
7886740
7621512
7574428
7506488
7644988
8611476
8371772
7377200
7543784
7492512
7367260
7430980
7456184
7529420
7514204
8190620
7821816
7959372
7557056
7843824
7496888
8519436
7793436
7572624
7318716
7385956
7511512
7773788
8205296
7483552
7597040
7353504
7789836
7241192
7796576
7369928
7459340
7299864
7667040
7975700
7466156
7378508
7477032
7717856
8235944
7775992
7734632
7522352
7282208
7472144
7292008
7655636
7412416
7959480
7443376
8330636
7397304
7652392
7424268
7389272
8292452
8108580
7604924
7696392
7675332
8232152
7293044
8154560
7276028
7942572
8155176
7375676
8077096
7621784
7949396
7218604
7237268
7305616
7899524
7547316
7338868
7483004
8165560
7387476
7340896
7489724
8153684
7998364
7368268
