55758132
55776876
55921104
55961016
55748428
55872488
55751916
55816672
55764144
55757020
55751216
55868724
55833436
55811308
55799384
55717924
55750840
55749276
55782452
55744900
55754340
55848768
55723412
55755424
55809408
55731516
55729960
56054796
55776340
55875596
55752492
55859928
55714708
55744184
55737264
55881484
55787624
55763116
55777400
55831316
55721360
55860744
55751892
55800316
55757376
55745712
55763584
55839256
55786504
55773964
55752888
55762464
55850812
55965976
55840404
55772364
55823044
55821136
55821732
55801552
55788768
55786080
55877964
55803224
55850672
55789556
55828288
55723092
55782004
55746660
55698228
55850680
55774712
55742684
55803356
55904796
55732996
55885036
55861416
55872324
55739624
55776712
55740000
55799560
55728456
55765540
55796856
55756488
55751280
55775612
55886936
55776488
55774296
55738200
55776268
55761328
55717444
55757832
55843116
55809524
