0.0586692
0.0559732
0.0551405
0.0499314
0.0488629
0.0539272
0.0508793
0.0544833
0.120467
0.0535376
0.0555732
0.0524896
0.055281
0.0513652
0.0527432
0.0543401
0.0517283
0.0533072
0.0539065
0.0660755
0.0501165
0.0553478
0.051872
0.0571487
0.0550704
0.0511962
0.0572345
0.0455934
0.0585655
0.0549847
0.0544491
0.0704364
0.0553434
0.0580181
0.0568321
0.0537098
0.051654
0.0557111
0.10459
0.0562808
0.058158
0.0533527
0.0548954
0.0548906
0.052174
0.0546145
0.0545666
0.0519539
0.0577888
0.0511796
0.0595043
0.0588116
0.0571036
0.0584081
0.0579748
0.0965452
0.05778
0.0548776
0.0750139
0.0591022
0.0566719
0.0986189
0.0544274
0.0546055
0.0563793
0.0580856
0.0568547
0.0554076
0.0562108
0.0568489
0.0568919
0.0545346
0.0548113
0.0573553
0.0530868
0.0548434
0.0544749
0.057054
0.0566723
0.0544123
0.0578704
0.0546782
0.0574464
0.0526076
0.0518891
0.0533907
0.0548475
0.0539379
0.053118
0.05581
0.0560362
0.0551567
0.0545347
0.0573362
0.0560645
0.0570534
0.0572067
0.0568843
0.0579076
0.0552433
