8293740
8393776
8371592
8425664
8253340
8321660
8267568
8171692
8139360
8147208
8159312
8119460
8142608
8150604
8126084
8143720
8074944
8125512
8066260
8097484
8101152
8118588
8110840
8166820
8197052
8117296
8296360
8207108
8073920
8081368
8091296
8097952
8216192
8161856
8151180
8115728
8156848
8084780
8108432
8109716
8140312
8074628
8124012
8204128
8130600
8135884
8153316
8092432
8097688
8118900
8082600
8115536
8169332
8165884
8177552
8116192
8056036
8143552
8192900
8140668
8135192
8127812
8190068
8405668
8219828
8187756
8393696
8180916
8147212
8516956
8098168
8175052
8149136
8152392
8179168
8139552
8159424
8073916
8360064
8113376
8525372
10987832
8097312
8303396
8155880
8405852
8145868
8148604
8122588
8360200
8468012
8658820
8666368
8406360
8162092
8364432
8136480
8146852
8362608
8402016
