1.47285
1.4295
1.42865
1.37395
1.44948
1.44194
1.44647
1.46101
1.47107
1.45894
1.46932
1.4741
1.47288
1.44789
1.47477
1.47241
1.48188
1.47415
1.48629
1.47149
1.4802
1.47537
1.46465
1.47012
1.46633
1.47672
1.44837
1.46256
1.48432
1.47715
1.47517
1.46988
1.46031
1.45563
1.47244
1.47805
1.47114
1.47584
1.40786
1.4426
1.47444
1.48316
1.47511
1.46149
1.47304
1.47575
1.4422
1.47131
1.47969
1.47183
1.48333
1.47729
1.45755
1.468
1.46655
1.47607
1.46921
1.47298
1.44332
1.47254
1.44663
1.47521
1.46415
1.44964
1.45588
1.46098
1.45034
1.46608
1.46781
1.43897
1.47726
1.45379
1.47335
1.38506
1.4663
1.4715
1.46639
1.40945
1.22213
1.47511
1.36833
1.37879
1.45858
1.46109
1.46762
1.44885
1.47143
1.4674
1.47529
1.38589
1.43967
1.43144
1.42606
1.43413
1.44908
1.44053
1.4727
1.45276
1.44695
1.43473
