6260456
6310876
6679584
6181532
6314104
6172600
6955320
7153728
6285584
6178604
6389284
6251632
6758448
6411272
6513776
6379680
6261848
6435672
6498184
6384824
6252856
6189996
6451096
6280832
6964248
6489796
6285368
6376652
7485224
7120740
6321560
6217044
6295780
6270360
5977400
6254228
6735504
6334860
7210896
6184760
6957500
6165944
6239572
6411792
7059600
6169496
6864232
6198664
6740084
6343324
6372868
6186004
6186176
6277948
6611384
6728548
6586916
6334676
7082792
6268224
6154544
6476456
6764872
6128608
6175356
6270840
6443484
5994936
7018544
6061296
6342196
6714716
6065220
6889292
6768832
6068224
6082388
6181904
6223988
6503192
6266252
7224520
6169912
6606144
6111172
6173648
6905760
6455444
7003152
6285072
6488196
6775788
6428592
6147428
6152936
6086208
6359444
6427996
6983296
6459128
