13270484
13234556
13203468
13236356
13317644
13236092
13253200
13175712
13150464
13145996
13160388
13296868
13146776
13158396
13279096
13174480
13236556
13153820
13181688
13199840
13172116
13201880
13157296
13219324
13156580
13131504
13169908
13156948
13196596
13196488
13187388
13220676
13154616
13166316
13177004
13167932
13178076
13163068
13189796
13141604
13206756
13161888
13192532
13224724
13192684
13163312
13159872
13182888
13258236
13172380
13189772
13165580
13174900
13159908
13187668
13150060
13194912
13188284
13247916
13180072
13141744
13200108
13162880
13179360
13166452
13254968
13166232
13155884
13150764
13171524
13174980
13161280
13173076
13162452
13173508
13207496
13143104
13244432
13203184
13156412
13204888
13177484
13211864
13158444
13185848
13165764
13173408
13237520
13183556
13188640
13165264
13174252
13198824
13185572
13170548
13181548
13141952
13155460
13162388
13174880
