0.188649
0.193313
0.20028
0.185212
0.190292
0.188172
0.190428
0.192889
0.185305
0.18907
0.187058
0.182777
0.189556
0.190173
0.189746
0.189863
0.190938
0.179528
0.19952
0.190968
0.189997
0.190446
0.18959
0.188517
0.18813
0.191823
0.190927
0.186477
0.184888
0.189028
0.183873
0.191368
0.189622
0.190273
0.190785
0.196364
0.193627
0.19524
0.188465
0.195853
0.191384
0.188751
0.19505
0.188702
0.192821
0.18984
0.191713
0.190186
0.190937
0.187504
0.190991
0.190189
0.193949
0.190564
0.189308
0.178862
0.18859
0.187435
0.188656
0.193003
0.18654
0.192027
0.190228
0.190667
0.181231
0.189321
0.192348
0.189813
0.187941
0.191836
0.190886
0.182216
0.188419
0.186771
0.184401
0.18728
0.178965
0.189953
0.178348
0.193063
0.180154
0.184813
0.187959
0.185861
0.187292
0.194305
0.189737
0.189796
0.19584
0.181798
0.18988
0.188175
0.187292
0.186077
0.19051
0.189111
0.190033
0.184536
0.183213
0.188892
