0.0165456
0.0184719
0.022015
0.0197239
0.0203156
0.022488
0.0210996
0.0266357
0.0224423
0.0245462
0.0238421
0.027629
0.0226805
0.0250884
0.0272229
0.0235771
0.0259645
0.0238559
0.0249249
0.0233982
0.0244951
0.0233622
0.0232889
0.025158
0.0230064
0.0239751
0.0225517
0.0235184
0.0239625
0.0234084
0.0249242
0.0230749
0.0251506
0.0236554
0.0231762
0.0249189
0.0231285
0.0255548
0.0229145
0.0238626
0.0223375
0.0239559
0.0246908
0.0230485
0.0254301
0.0235666
0.0241014
0.0234511
0.0242816
0.0259342
0.0226395
0.0257611
0.0223976
0.0244475
0.0233455
0.0237299
0.0258291
0.0229284
0.0264007
0.0226785
0.0241701
0.0226283
0.0235309
0.0263864
0.0242583
0.0257207
0.0228758
0.025294
0.0224482
0.0243219
0.0261571
0.0242135
0.0245663
0.0244587
0.0238917
0.0258036
0.0232328
0.031388
0.0249384
0.0261423
0.0218903
0.0235602
0.0236422
0.0239352
0.0247085
0.0236332
0.0248809
0.0234657
0.023154
0.0230127
0.0241241
0.0270092
0.0241978
0.024674
0.0234134
0.0246803
0.0236087
0.0236619
0.0263986
0.0246694
