3.66409
3.65127
3.64654
3.64788
3.63733
3.64623
3.63785
3.64547
3.65144
3.64637
3.63715
3.65308
3.6548
3.65172
3.65488
3.64873
3.65567
3.65321
3.64906
3.65009
3.65389
3.64364
3.6515
3.65505
3.64701
3.65207
3.64784
3.6499
3.65379
3.63983
3.65588
3.6534
3.65564
3.64161
3.64612
3.64696
3.63476
3.65493
3.64184
3.65202
3.65173
3.65587
3.6376
3.64911
3.63874
3.65615
3.639
3.64087
3.64021
3.63932
3.64267
3.65599
3.64993
3.65309
3.65585
3.65001
3.65038
3.64045
3.65621
3.65257
3.65213
3.63388
3.64494
3.64246
3.65616
3.65549
3.65304
3.65547
3.65393
3.63812
3.65086
3.65284
3.65517
3.65569
3.64233
3.65543
3.65471
3.64764
3.65083
3.63643
3.65454
3.65108
3.65399
3.65419
3.64693
3.65505
3.64675
3.65131
3.65642
3.64864
3.63999
3.6549
3.65302
3.6538
3.65088
3.65143
3.65471
3.64763
3.65394
3.63636
