1.44458
1.47188
2.00102
1.47058
1.44389
1.47046
1.66463
2.56571
1.4244
1.47227
1.45292
1.45465
1.95494
1.45242
1.42494
1.43019
1.44968
1.44142
1.41779
1.44775
1.4574
1.4646
1.43716
1.42989
1.79416
1.40708
1.42877
1.43107
1.9157
1.55744
1.43895
1.45941
1.44184
1.45442
1.51717
1.44843
1.97222
1.43901
1.76666
1.49773
1.93793
1.47644
1.45679
1.44585
1.94281
1.47842
1.84333
1.46578
2.00393
1.46617
1.45447
1.4681
1.47022
1.45354
1.80349
2.00732
2.04526
1.46442
1.79983
1.45215
1.46055
1.42922
2.01429
1.48206
1.46989
1.45161
1.42387
1.43289
1.88399
1.49409
1.40604
1.99162
1.49605
2.00293
1.98503
1.49969
1.44257
1.46662
1.46156
1.74942
1.47025
1.78486
1.452
1.3989
1.48464
1.443
1.26825
1.41596
1.98782
1.4461
1.43531
1.39719
1.44188
1.45821
1.46034
1.48804
1.43241
1.42055
1.99313
1.43515
