0.113616
0.109548
0.139215
0.110545
0.112373
0.112601
0.119422
0.172851
0.106998
0.109692
0.112821
0.115111
0.142219
0.108885
0.112511
0.108366
0.109866
0.108824
0.104454
0.110002
0.110003
0.113789
0.110608
0.107593
0.153481
0.105584
0.104545
0.110704
0.129707
0.133029
0.111399
0.109814
0.109982
0.10551
0.110518
0.108986
0.139666
0.109643
0.152368
0.108308
0.133875
0.108338
0.109719
0.109563
0.140689
0.108266
0.14441
0.109579
0.138432
0.10428
0.109284
0.109309
0.111057
0.111689
0.116285
0.134269
0.137238
0.108456
0.148231
0.109203
0.107613
0.110588
0.136858
0.109736
0.113025
0.106517
0.111033
0.10312
0.121337
0.108474
0.10643
0.140491
0.109035
0.13021
0.134926
0.109489
0.117144
0.115277
0.114973
0.114183
0.113453
0.148592
0.10829
0.107674
0.111402
0.110009
0.124346
0.107184
0.134245
0.114332
0.115526
0.107842
0.108218
0.108973
0.109646
0.110256
0.111677
0.105288
0.137735
0.109421
