3888993
10665639
25233983
18413961
7394334
3810875
23219443
27085372
4450964
9703959
2823536
2007430
2113392
2533543
1885252
2057665
1824861
2214642
1917674
1813479
2019790
1640913
1883603
1642665
1952577
1642399
2930764
3104337
2079243
2025954
1970549
1750086
2098971
1669634
2099528
1921083
1713031
1982189
1700893
1975064
1712393
1955596
1710836
2041737
1692323
1774817
1685496
2020806
1681102
2342620
1968274
1689663
1939034
1746232
2030130
1702701
1879580
1691221
1880475
1693854
1787899
1665333
2018277
1876372
1602619
1646427
1594177
1587630
2143550
1919658
1964638
2062721
1645298
1873978
1636016
1920963
1624876
1925082
1616759
1916694
1601969
1974398
1603584
2092019
1701269
1616056
1611644
2407775
1760987
1629159
1905512
1609684
1814740
1609532
1710012
1641312
1840271
1601925
1781003
1607948
