2754744
1819071
1536699
1557262
1622058
2106415
1827993
1607399
2285613
1726919
1521660
1652980
1901818
1786212
1522384
1647604
1505852
1547718
1502155
1504202
1671734
1507323
1529637
1500148
1816210
1507404
4463132
2013807
4908105
16131048
21290345
9304451
1785693
1547902
1521451
1542740
1510880
1567571
1509843
1761809
1511836
1554905
1509358
1506242
1707330
1507010
1717285
1515187
1670188
1506790
1642215
1503124
1646799
1506877
1506215
1558423
1759659
7369424
2136123
2330956
1555254
1707008
1551435
1723495
1554637
1667811
1535570
1694968
1549001
1751680
1552886
1543765
1659956
1539080
1860531
1544272
1599071
1543539
4044984
2050750
4571616
16737593
25083104
9749788
1921122
1584922
1875369
1560157
1661231
1749618
3154278
8104471
1624608
1591112
1516566
1511533
1684576
1541182
1596709
1530516
