25122454
13103613
3897830
4795802
4015970
4883650
4494942
4539948
17638404
3954208
4196699
2802862
2917080
3992559
2821444
24903226
2799738
4586660
2755716
5001027
4011879
5001692
4146773
5009411
4127564
2658129
17178555
3458587
5570153
3444247
3287139
4559400
5091926
4311789
3471330
7098003
4030630
16934263
3680627
3306005
5276416
3286771
5456937
3313485
3251392
6829976
4940876
5223257
4428235
4975082
4192414
5099541
4257900
6945474
5218324
5789261
3953233
3713113
16868469
3531342
5013619
3100149
2637755
4860847
5715054
11758189
3686743
13424442
4779892
4230276
3351049
3565082
4716286
4225587
4729450
4084852
2878230
4381113
5679988
4207635
2968420
19293594
4363193
3866824
2710844
13264764
3922627
10698893
3408857
3895518
4735586
3783950
4727488
12019301
4080618
17649550
5153656
3463311
3712136
5599341
