20639915
5891527
4505981
5899615
3770495
4522137
17210961
4374049
4662266
5303154
3272247
4762419
10632511
3326257
13363778
3657759
3660863
3040115
5775125
6126364
3667565
5304787
15531861
3841502
3964085
10574046
3010474
4315635
16480128
3027771
4189536
4828254
3254215
4447990
4419439
3284056
5600137
14781758
4119569
10826858
5384391
4268862
15472077
4098865
3376970
12281670
5006775
4394528
5651955
4252527
4173496
5369814
4356490
4476271
17217155
5014329
3663094
5269779
3851768
5594080
3790384
3239345
4831977
3639142
3763990
4403913
3344195
8174216
4783329
4107627
4531270
14323962
3441966
14205920
6664652
4053515
18576347
5950158
4731817
4789350
17890654
6404909
4207870
8097600
4723856
8005505
5609362
3767552
2758339
4220527
18003018
3370139
3945975
5571490
3239874
5032352
5187999
3245507
5523789
16536929
