94457772
41956485
38450327
59504248
32617893
24084979
11899879
11673701
13669741
12175503
31375296
62406733
79076131
59141023
26567298
29414846
25670310
29178560
50504469
27398692
26928127
39524814
35743556
31687144
19630275
25774889
18274491
20579959
45405236
23392441
15089073
31269946
54564461
46264132
26102171
24501998
23693142
55517071
29276503
34241304
39279488
18369244
26498411
26148792
16720994
16679801
11765538
29507926
30128969
34092732
17357717
53346051
23349329
35360832
25348162
39574004
50003839
38551764
41526288
59769213
32715705
44641985
38102025
53277303
24947471
36634293
128186406
44781241
57092792
36294539
64285814
30832473
60526746
52788751
64213775
60997445
54924025
38534138
38898738
235330455
40819818
268351404
73940940
37398553
20178385
11519100
13147202
11308505
25714481
35638749
15192473
40611613
13681702
40456795
68052048
11772358
12416018
21088520
230253811
14284879
