44781849
36908570
34123314
16417564
7614130
3068375
2806288
2975525
3032982
2880104
2912497
2958118
2819002
5560007
5179498
4322518
6766477
16897580
10653079
3356872
2931622
2823711
2997502
2967454
2959327
3215222
2877066
2956490
3095413
2807980
2827910
2915762
3010402
3019388
2953476
2799687
3110970
3037057
2948602
2939415
3042780
4788877
5832142
3656187
14574329
20867376
3988582
3493910
3777967
3528980
3287233
3383402
3191765
3448023
9375077
18812326
3627563
3393391
3627365
3411342
3560620
6006542
5347741
3587821
3312983
3230773
3330866
3464609
3199892
2928068
3097384
3203140
3243122
4203226
5899468
4127677
5660732
11808072
15803179
3657459
3393700
3268163
3159858
3224202
3130938
3065445
2992698
3082882
3196405
3624827
2963561
3058810
3044563
3074765
3063511
3269579
2839530
3136536
3134162
3022299
