6987624
4288688
3858936
4879888
5085792
5159192
4335856
3852040
3765984
3794688
3718344
3822776
3962768
3598328
3811384
3800976
3595416
3717496
3748624
3600048
3530880
4241016
3850696
3711328
3691920
3604880
3619600
3701816
3869928
3881048
3585736
3690400
3738792
3657784
3534608
3628144
3571592
3641384
3561632
4031792
4041760
3816120
3804384
3674096
3613504
3610392
3575688
3767776
4488368
3857432
3631848
3525408
6238832
4091256
3855488
3763448
4137840
3816664
3711640
4067176
3630528
3581200
3614344
3597208
3648072
3535184
3746088
3822296
3648432
3632760
3798144
3880624
4284576
3738128
4376728
4114608
3967336
4178624
3702440
4398512
4240592
3780048
3706976
3669304
4245104
3770992
3542016
3445120
3415920
3550408
3516328
3554112
3561336
3469416
3438808
3541672
3504296
3553608
3738872
3598384
