5014920
4120248
3635984
3365608
3398848
3512192
3477336
3425656
3480576
3422016
3759800
3830696
3789264
3930440
4011488
3645344
3787184
3705224
3852016
4295712
3866944
3651712
3380856
3513848
3367320
3395208
3580912
3404112
3512288
4011744
3912400
3575992
3442032
3365616
3608760
3439040
3497656
3658448
3565216
4061224
4318560
4018272
3425760
3429264
3422352
3739816
3534928
3489192
3404640
3365048
3452280
3361736
3397184
3570896
3388904
3546760
3384368
3384048
3594152
3959456
3748096
3547312
3671672
3574312
3371096
3356552
3464920
3388696
3405672
3835752
3573248
3517400
3399920
4230600
3456808
3397912
3594336
3714096
3503768
3928112
4186296
4062200
3892152
3558856
3608568
4221968
3454032
3544512
3814856
3463024
3466128
3480592
3561112
3348872
3352680
3501864
3416136
3337232
3442984
3651608
