270507840
288628800
224325056
228285144
227741544
233126648
237835696
232903648
235203928
229177752
258183584
233504360
227700280
230441960
242726760
247285224
268153944
344220176
225712784
237966600
227725064
232333544
244705352
236161536
254854968
253167672
225280472
225353408
233202992
226437864
224538288
223800072
255964040
223481624
259648032
231304416
269063648
245151896
238432984
259869464
250043024
310222656
291574360
221814048
222443632
225164072
166974029
112811484
111640800
108054036
104232084
105244794
112973991
107551098
152368109
233199416
230754088
229819200
262179032
246523744
233589480
226139224
225502456
223828672
224061512
226614096
204345642
193274976
193862160
204619314
197387172
195706020
203787585
207802759
210482435
207813436
217123083
219423153
105994092
104913201
111071994
109476486
109650258
181989771
251524880
255720304
231953184
230074000
235077240
225557112
234353912
223936816
223008664
231769000
249974920
240570320
228064328
157736072
118873698
248266376
