7560872
4100144
4636320
4331144
3912976
4557232
6595216
4426648
4197600
3949672
3928208
4338264
4496656
4590464
4018640
5256488
4023528
4406992
4528864
3792368
3508192
3553376
3981088
3434720
3548144
3421896
3430024
4023512
3426320
3418024
3503240
3417504
3415944
3481672
3480064
3497664
3427656
3453152
3487880
3426344
3425560
3471480
3426200
3424720
3487160
4364176
3743912
3566192
3474120
3508264
3594176
3461424
3486376
3510664
3477968
3592312
3435760
3480632
3449040
3428416
3498560
3438056
4664408
3498288
3504880
3531720
3441344
3437960
3562032
3580072
3503152
3455248
3438800
3548984
3439536
3438952
3507344
4434424
3568304
3443480
3442328
3598152
3607008
3442432
3499296
8839032
4162312
3552008
3495592
3498448
3550856
3472920
3569880
3865632
3530560
3572600
3500880
3505208
3589640
4089552
