1.89564
1.72338
1.66371
1.59056
1.56268
1.56787
1.5521
1.554
1.55996
1.5616
1.53203
1.56554
1.5684
1.60929
1.55719
1.55967
1.59824
1.5709
1.56308
1.55637
1.56618
1.57818
1.56143
1.54842
1.57367
1.57653
1.5689
1.55904
1.56698
1.56507
1.56347
1.55228
1.57055
1.53189
1.56763
1.56156
1.59181
1.57463
1.5763
1.55582
1.55684
1.58411
1.57225
1.55229
1.55266
1.58028
1.55519
1.55427
1.58905
1.57142
1.57214
1.55761
1.55839
1.5731
1.58013
1.55576
1.47337
1.55631
1.57788
1.59569
1.54962
1.56234
1.58305
1.55461
1.55754
1.55561
1.52932
1.55388
1.55949
1.56127
1.58198
1.57364
1.55183
1.567
1.56401
1.56327
1.55638
1.5614
1.57505
1.54583
1.54748
1.55866
1.55906
1.56542
1.55918
1.55327
1.57178
1.55901
1.5555
1.56332
1.57023
1.56272
1.52097
1.56839
1.57952
1.55563
1.54335
1.56727
1.58214
1.55889
