0.275072
0.129138
0.140898
0.164824
0.141312
0.142857
0.142662
0.174697
0.153235
0.135612
0.158035
0.158351
0.136767
0.145345
0.155012
0.161301
0.139154
0.138899
0.158402
0.155091
0.145517
0.150729
0.176952
0.160526
0.146748
0.158354
0.151505
0.160931
0.151886
0.160759
0.133069
0.172623
0.149676
0.161591
0.144723
0.168844
0.146233
0.159247
0.159769
0.173928
0.161312
0.152733
0.144333
0.14988
0.162767
0.14377
0.133472
0.160515
0.169039
0.134073
0.140231
0.163923
0.15748
0.151873
0.148723
0.165226
0.173397
0.13418
0.143165
0.153714
0.150989
0.140273
0.14153
0.155571
0.135859
0.133749
0.140952
0.151179
0.139109
0.146492
0.153901
0.155422
0.141626
0.148538
0.167619
0.147248
0.140561
0.15102
0.157421
0.136379
0.160979
0.149504
0.164919
0.159546
0.157014
0.158458
0.164677
0.130835
0.173343
0.158595
0.150978
0.144241
0.161216
0.165468
0.133858
0.141781
0.154402
0.162751
0.140741
0.135576
