0.688612
0.678959
0.664286
0.618926
0.670615
0.675077
0.666836
0.648847
0.67566
0.673813
0.672792
0.66718
0.670655
0.668024
0.671254
0.657292
0.664254
0.675635
0.656652
0.650339
0.672557
0.696502
0.673237
0.655206
0.672366
0.674559
0.666839
0.67794
0.669785
0.660184
0.669235
0.674277
0.684759
0.654354
0.667179
0.672598
0.6639
0.668542
0.665979
0.671883
0.648488
0.675404
0.678715
0.664096
0.663371
0.676207
0.689461
0.671787
0.663771
0.676991
0.692895
0.668531
0.670788
0.67507
0.671066
0.669898
0.648246
0.679606
0.65438
0.665468
0.669543
0.675041
0.665281
0.672783
0.670782
0.680355
0.653527
0.725754
0.670763
0.676679
0.663346
0.670284
0.644973
0.683087
0.660158
0.682617
0.663093
0.679402
0.668219
0.672004
0.671679
0.687333
0.665985
0.65508
0.668534
0.694444
0.662127
0.650394
0.665471
0.683174
0.667542
0.658667
0.681728
0.687901
0.664412
0.658601
0.67794
0.685545
0.666667
0.659508
