508420
491288
502968
502560
496896
491604
502296
501832
498416
498292
510536
501188
497316
491108
499116
501432
498612
495520
498356
502520
498152
490532
497708
502384
497500
493744
496784
502104
496812
494248
499116
502984
496908
492428
496140
503784
502892
488188
490972
502544
502048
487248
493664
502464
506872
488308
502624
502868
501808
493968
490716
503432
502344
494488
490860
502912
518428
495520
490092
502492
502528
496832
491708
502396
502732
497888
490712
504948
502440
497856
491624
501536
502152
496120
491140
499900
503948
497500
490816
508884
503416
498016
491020
498580
502208
498096
492424
496516
502296
498188
490584
498068
519516
497484
490956
496444
503168
496492
491520
496368
