407668
404968
439976
407064
406704
406344
409060
410304
406596
407608
404976
407056
408548
406444
411156
408148
406096
406692
406036
416832
407352
406764
410884
410680
407208
410472
408580
410912
407392
403928
406420
405636
415960
407504
404232
405716
407548
406412
408820
407164
407460
406816
405524
406756
406056
406356
409932
405180
405992
405784
404824
407240
410624
406732
411552
406784
406232
410676
405904
403756
406968
404820
410080
405156
406804
406024
405656
414228
407912
411372
407480
408536
407160
406936
407192
407228
408380
405164
405836
406096
405484
408160
408176
406868
411512
406864
407064
405600
405988
406476
406412
406716
407528
409972
405628
409360
417128
405964
467212
408052
