233228
237580
234784
229284
231744
233632
234404
228300
231236
235348
233764
229540
233600
236428
234040
228856
231156
239600
233136
228660
231348
233036
233444
229192
231924
235072
234828
228956
231076
233656
233404
229100
232040
235804
233580
228884
232528
233116
233156
228856
232360
234680
236896
229056
234152
232592
233416
228556
231956
244384
234024
233876
227716
231428
233356
234104
228376
233952
234332
234640
229596
231032
233880
233420
228240
233968
233332
236416
228396
232116
233696
233740
228160
233928
234276
233768
228808
237800
233156
233020
228252
234276
234196
233964
229040
233172
233428
297276
228860
233140
233644
237428
237852
232640
234312
235568
228068
234392
233104
234320
