0.939237
0.751665
0.802717
0.805293
0.799029
0.807525
0.807503
0.806443
0.809769
0.802015
0.814897
0.78902
0.815985
0.79236
0.807903
0.792955
0.810855
0.811791
0.8159
0.811257
0.818505
0.791733
0.813345
0.808261
0.815717
0.811606
0.812622
0.814166
0.804752
0.810583
0.790572
0.805949
0.815636
0.81236
0.806734
0.812056
0.806993
0.81012
0.813418
0.83632
0.797003
0.803602
0.809315
0.810915
0.814317
0.806469
0.808383
0.808414
0.816997
0.788138
0.813973
0.807334
0.809416
0.828713
0.800389
0.811204
0.81592
0.813862
0.716441
0.811039
0.812395
0.813837
0.80995
0.869364
0.802316
0.816524
0.812258
0.710049
0.808313
0.80825
0.81047
0.812026
0.817568
0.807246
0.807133
0.81411
0.809484
0.656916
0.806114
0.816959
0.815712
0.615889
0.78347
0.812288
0.80888
0.810903
0.803684
0.817917
0.81387
0.809511
0.814266
0.805673
0.814527
0.808517
0.804957
0.81707
0.806887
0.799671
0.811628
0.813805
