267092
268156
261012
260412
266412
269836
261272
260828
266888
267416
260688
260416
267712
265372
260644
259796
267284
266992
260664
260808
267932
266484
261460
259816
259800
269192
265252
261440
260188
265760
265836
261864
260860
267980
266200
260184
259896
266548
266200
270604
260580
267604
264816
260620
260280
265608
265012
260980
260252
268088
266312
260972
258944
265852
264564
259924
259872
268816
265696
261772
260660
266472
265492
260752
269964
267964
264384
260272
260548
267756
266080
261636
260736
270076
267044
260540
259924
268532
265160
261872
260152
269788
265768
261752
260512
267924
264960
265520
261916
261820
265120
265472
261664
263916
266544
265680
270088
261856
265620
265664
