0.440838
0.308852
0.237839
0.248238
0.244496
0.209548
0.236158
0.240026
0.221391
0.2172
0.214553
0.220665
0.217459
0.224361
0.234341
0.225137
0.237809
0.232409
0.237469
0.228713
0.223228
0.232278
0.208178
0.222546
0.21892
0.229134
0.229355
0.224902
0.215482
0.232764
0.234983
0.219536
0.219027
0.226445
0.217529
0.237249
0.226293
0.261189
0.233583
0.227783
0.209376
0.237158
0.236625
0.230466
0.224653
0.231408
0.21167
0.228199
0.216075
0.233727
0.211827
0.228554
0.228359
0.242941
0.223181
0.218711
0.236078
0.245483
0.218394
0.217797
0.228819
0.247643
0.220286
0.217432
0.23261
0.211724
0.219062
0.223193
0.23669
0.229399
0.213409
0.226781
0.244444
0.245124
0.226625
0.234221
0.2403
0.23619
0.221808
0.234837
0.234405
0.243234
0.221092
0.233783
0.229075
0.237113
0.221881
0.236974
0.224689
0.226921
0.227343
0.240388
0.225471
0.218402
0.231993
0.236045
0.225669
0.219528
0.239975
0.230695
