0.496403
0.196943
0.204451
0.187715
0.182384
0.18586
0.207945
0.167261
0.176103
0.195499
0.169014
0.167227
0.165337
0.162162
0.18199
0.144038
0.16401
0.148718
0.148002
0.163506
0.156316
0.148962
0.164212
0.185374
0.17906
0.192029
0.194763
0.145713
0.181329
0.175023
0.171935
0.178685
0.165249
0.181034
0.186089
0.183356
0.16439
0.166891
0.161367
0.169811
0.175986
0.150363
0.149425
0.168573
0.16379
0.16182
0.159401
0.16618
0.177244
0.166184
0.203015
0.198712
0.18613
0.207943
0.195895
0.202123
0.177578
0.18586
0.166592
0.194706
0.175712
0.169401
0.169348
0.173709
0.15653
0.165631
0.15247
0.165856
0.154273
0.161483
0.148475
0.153908
0.159494
0.164274
0.158684
0.191246
0.199642
0.173208
0.116878
0.193548
0.182432
0.1859
0.187528
0.176667
0.178826
0.176627
0.159182
0.165796
0.163184
0.162934
0.153624
0.149127
0.158094
0.154303
0.142408
0.155161
0.152299
0.156863
0.161068
0.169569
