1.28538
1.11803
1.1211
1.11439
1.12088
1.13917
1.10207
1.11899
1.11755
1.11383
1.12094
1.11787
1.115
1.12442
1.1175
1.11629
1.12117
1.12014
1.1243
1.1176
1.12157
1.12421
1.12369
1.11259
1.12122
1.12627
1.11899
1.12424
1.12552
1.12212
1.1211
1.12055
1.12257
1.12126
1.10525
1.12094
1.12217
1.12443
1.11516
1.12103
1.12525
1.14161
1.11812
1.12454
1.12273
1.11563
1.12755
1.12896
1.12611
1.1229
1.12306
1.12954
1.11873
1.1308
1.12191
1.1226
1.12107
1.12022
1.1179
1.12178
1.11825
1.15748
1.10455
1.11916
1.1247
1.1227
1.11623
1.11012
1.123
1.12356
1.12108
1.12347
1.12424
1.11771
1.1193
1.1243
1.125
1.1199
1.12178
1.09279
1.12074
1.12498
1.12185
1.12111
1.11951
1.12237
1.12152
1.13172
1.11976
1.12044
1.12105
1.12247
1.12402
1.12227
1.12127
1.12025
1.11678
1.12289
1.1259
1.12255
