1.56216
1.33769
1.29631
1.31799
1.2909
1.2849
1.2896
1.17823
1.17858
1.17808
1.18628
1.18547
1.17794
1.18703
1.22252
1.18748
1.17643
1.1755
1.18623
1.18829
1.17513
1.21557
1.18057
1.19315
1.18931
1.14367
1.18534
1.18434
1.23469
1.18131
1.18342
1.17668
1.14361
1.18434
1.17825
1.18895
1.19736
1.17171
1.18575
1.1426
1.18995
1.18107
1.18254
1.19181
1.18741
1.18437
1.18402
1.17916
1.19361
1.18044
1.18417
1.18878
1.19316
1.18457
1.1875
1.19241
1.23058
1.16703
1.183
1.1751
1.19341
1.18153
1.17799
1.19042
1.17648
1.18096
1.18371
1.18902
1.19502
1.1903
1.17856
1.22572
1.17684
1.18386
1.20458
1.18187
1.09743
1.17749
1.18589
1.18725
1.1896
1.18306
1.18996
1.18243
1.18937
1.18076
1.17795
1.18054
1.18503
1.19094
1.1863
1.18531
1.1875
1.19148
1.18797
1.19048
1.17368
1.19578
1.18154
1.17712
