0.819481
0.644372
0.66958
0.643575
0.65778
0.657018
0.708359
0.657204
0.660714
0.65661
0.681356
0.672048
0.664365
0.667372
0.676657
0.625287
0.687406
0.626506
0.65908
0.678086
0.681522
0.693926
0.695141
0.672234
0.659552
0.651345
0.666286
0.487108
0.658443
0.654696
0.679005
0.654335
0.662017
0.648753
0.680815
0.657221
0.657221
0.656974
0.683079
0.66342
0.662283
0.683258
0.613964
0.712175
0.664906
0.680241
0.706129
0.680521
0.645367
0.663857
0.669622
0.638993
0.658054
0.649014
0.648724
0.673222
0.65867
0.654287
0.663425
0.670752
0.658931
0.66898
0.662722
0.679545
0.670732
0.661522
0.685427
0.700954
0.605424
0.715447
0.619335
0.657035
0.708835
0.679636
0.657426
0.671176
0.649888
0.668731
0.357382
0.673623
0.656749
0.654164
0.652392
0.675535
0.659805
0.664516
0.660497
0.680524
0.664718
0.663694
0.645742
0.703684
0.685528
0.684211
0.674312
0.637181
0.697821
0.671628
0.685318
0.681478
