0.875091
0.765207
0.743003
0.756859
0.74461
0.744655
0.732681
0.764012
0.748868
0.741884
0.745303
0.758548
0.717192
0.716888
0.744195
0.764363
0.777638
0.746075
0.750693
0.76521
0.744131
0.750589
0.750781
0.765766
0.744361
0.790013
0.743411
0.767689
0.743381
0.749803
0.750584
0.760627
0.72293
0.77085
0.74688
0.761181
0.742141
0.748524
0.746473
0.760268
0.739563
0.730667
0.756069
0.764778
0.743174
0.750587
0.749801
0.767938
0.745607
0.762533
0.751863
0.733461
0.766816
0.745185
0.750786
0.777275
0.761845
0.746199
0.750785
0.751263
0.743731
0.754157
0.748423
0.747327
0.751797
0.749605
0.752769
0.741451
0.793679
0.753414
0.74941
0.733061
0.764754
0.746385
0.746589
0.746468
0.761649
0.743212
0.747462
0.749112
0.76378
0.732998
0.746006
0.770581
0.752706
0.743769
0.751179
0.623104
0.763485
0.748006
0.750198
0.772929
0.773119
0.775578
0.749221
0.735271
0.756087
0.740509
0.749901
0.74783
