262664
263352
268432
262500
262532
263972
264600
265716
263248
262368
263508
265764
263952
265408
263300
262736
263000
262528
262684
262264
263160
275596
262580
262520
262708
263724
262668
271796
263028
262180
266088
263540
263640
263600
261888
265408
262808
262908
263124
262408
264452
262676
262788
263476
262940
262616
262612
263276
262508
266112
263628
262380
262352
264388
264512
262648
263812
263336
279896
263692
262936
263440
265328
266200
263740
263000
263808
331064
263820
264560
263824
265532
268008
263292
263336
264764
263088
294460
264168
264060
271880
268300
268652
262100
263780
263212
263300
266684
263080
262696
263548
261676
273260
263688
262580
262696
266344
264388
274336
263016
