1.54347
1.25614
1.25953
1.26413
1.2626
1.25041
1.24026
1.26145
1.26016
1.2531
1.25965
1.25758
1.2448
1.11726
1.15237
1.16104
1.17441
1.13836
1.14282
1.15013
1.14659
1.14727
1.14322
1.15046
1.1497
1.19799
1.13913
1.14841
1.14539
1.14704
1.14264
1.15382
1.1359
1.15795
1.14383
1.14725
1.1353
1.14429
1.14347
1.15165
1.14685
1.13617
1.14352
1.14169
1.15248
1.14386
1.14503
1.14317
1.14701
1.13194
1.09988
1.1374
1.15335
1.13925
1.14642
1.16765
1.14961
1.14222
1.14125
1.14226
1.14887
1.14867
1.14626
1.14266
1.16074
1.15433
1.15973
1.10689
1.1801
1.1447
1.14814
1.13346
1.15049
1.14276
1.13921
1.14261
1.14515
1.13837
1.14347
1.14678
1.14817
1.14234
1.15104
1.17563
1.15499
1.14205
1.13721
1.05658
1.15535
1.14333
1.1474
1.16633
1.13344
1.16225
1.13733
1.14026
1.16255
1.14874
1.14751
1.13686
