0.812559
0.518096
0.407767
0.685661
0.697984
0.705561
0.671442
0.704998
0.662115
0.671372
0.685984
0.673913
0.686041
0.689221
0.681166
0.677803
0.669176
0.674884
0.665747
0.528719
0.656934
0.660782
0.610656
0.666667
0.675426
0.614076
0.733399
0.685151
0.685791
0.694238
0.684113
0.697068
0.585813
0.685633
0.688847
0.684307
0.677024
0.69839
0.677246
0.665918
0.611111
0.675947
0.68053
0.695554
0.689639
0.693171
0.630756
0.68891
0.689671
0.688729
0.696051
0.670355
0.662401
0.682749
0.652832
0.684417
0.664087
0.684306
0.699294
0.717158
0.689126
0.701155
0.694054
0.693782
0.686239
0.692202
0.693593
0.59178
0.68267
0.656334
0.685002
0.682861
0.686742
0.68595
0.686731
0.690257
0.670651
0.675439
0.694963
0.696509
0.700812
0.685835
0.683002
0.707149
0.67723
0.688374
0.678328
0.688818
0.695946
0.699443
0.685727
0.665629
0.69005
0.671944
0.679945
0.673684
0.615111
0.687787
0.546138
0.681054
