0.670882
0.443032
0.306208
0.457425
0.447735
0.468461
0.453259
0.45505
0.440611
0.44815
0.449419
0.451687
0.45375
0.456643
0.447062
0.449067
0.440119
0.468085
0.460432
0.399646
0.442806
0.478737
0.428036
0.446299
0.456935
0.413339
0.465141
0.445771
0.449136
0.458344
0.464534
0.449398
0.423773
0.45518
0.45755
0.449937
0.467669
0.466127
0.443532
0.453363
0.421443
0.444191
0.444247
0.441035
0.451702
0.453057
0.430599
0.457696
0.462528
0.465522
0.453862
0.463782
0.45437
0.438825
0.441169
0.43903
0.445762
0.45
0.455407
0.453346
0.447355
0.438974
0.458589
0.462293
0.445997
0.446138
0.464446
0.418696
0.439087
0.447643
0.442902
0.446602
0.449938
0.444954
0.444388
0.444331
0.43792
0.458365
0.465603
0.446207
0.439129
0.462428
0.439356
0.44899
0.447474
0.444795
0.447124
0.452996
0.451581
0.449438
0.45824
0.444005
0.455567
0.439349
0.452082
0.429287
0.462751
0.45345
0.373984
0.458015
