0.901543
0.769838
0.718872
0.75458
0.791649
0.740576
0.742891
0.752582
0.746896
0.745389
0.745924
0.762442
0.75268
0.744915
0.739113
0.751575
0.830412
0.752381
0.743888
0.753102
0.748794
0.739077
0.729264
0.754167
0.742226
0.748456
0.744844
0.767031
0.747886
0.737016
0.732303
0.764531
0.751518
0.736581
0.720162
0.756255
0.744926
0.729461
0.745818
0.76236
0.748397
0.718145
0.748098
0.759386
0.746025
0.74211
0.746457
0.743093
0.763802
0.723429
0.761105
0.747565
0.767685
0.743852
0.75
0.748899
0.788462
0.725021
0.752853
0.735481
0.766542
0.739766
0.7498
0.746507
0.759252
0.744462
0.747099
0.747189
0.768487
0.739059
0.748699
0.736323
0.753893
0.786637
0.746597
0.731641
0.747639
0.739817
0.750499
0.747967
0.751029
0.7919
0.751386
0.737423
0.761633
0.746929
0.746051
0.737968
0.754105
0.738205
0.7506
0.73786
0.755453
0.74664
0.751523
0.736952
0.762969
0.740679
0.744318
0.735257
