1.6279
1.462
1.49275
1.46487
1.47614
1.38791
1.36548
1.39352
1.38841
1.37899
1.17422
1.38794
1.39897
1.39102
1.38754
1.41148
1.40658
1.3887
1.39727
1.41017
1.38016
1.39386
1.3922
1.39699
1.39436
1.38765
1.39421
1.40088
1.39506
1.38467
1.3974
1.4005
1.39647
1.41966
1.39335
1.39
1.39219
1.39235
1.38765
1.39579
1.40184
1.39096
1.37152
1.39958
1.39526
1.39357
1.39112
1.39784
1.39555
1.40496
1.39195
1.38541
1.39619
1.38948
1.39398
1.36419
1.39875
1.38942
1.38869
1.39042
1.39618
1.39145
1.39471
1.38954
1.38873
1.39166
1.39342
1.39363
1.40501
1.40309
1.38624
1.38497
1.38859
1.38284
1.39273
1.39691
1.33543
1.38822
1.39607
1.39566
1.39606
1.3928
1.39853
1.39181
1.3902
1.39728
1.38053
1.39755
1.39484
1.38998
1.399
1.39264
1.39478
1.39281
1.39564
1.39805
1.39292
1.39121
1.39099
1.38636
