3492556
3480996
3476076
3492392
3482160
3495780
3475816
3478240
3482036
3481992
3490784
3477692
3491544
3480932
3475608
3492508
3481932
3491444
3475600
3478752
3492776
3480392
3487308
3476636
3485124
3480944
3476184
3487180
3483300
3490472
3476288
3477312
3488716
3479828
3488480
3476132
3481204
3482336
3476416
3488420
3533264
3490864
3477344
3476680
3490932
3481800
3487300
3476360
3479528
3490744
3475688
3484892
3477448
3482144
3480156
3476536
3487468
3482116
3493608
3478548
3481404
3490776
3486628
3489344
3475624
3482132
3480024
3475476
3487168
3480216
3479776
3475144
3476956
3490524
3479804
3485472
3477468
3481724
3489816
3476932
3485356
3485344
3480172
3477272
3477920
3494432
3480524
3490096
3477748
3480936
3491796
3476416
3491812
3484412
3480624
3489048
3480452
3493008
3480540
3475480
