0.527588
0.353812
0.283909
0.27553
0.273908
0.282577
0.263235
0.273141
0.260566
0.259936
0.241227
0.267264
0.275077
0.274593
0.276796
0.250758
0.287464
0.274954
0.255375
0.26717
0.265643
0.268373
0.26652
0.252413
0.273117
0.264738
0.255753
0.28455
0.270688
0.257951
0.272894
0.27013
0.27027
0.25477
0.269591
0.262828
0.275168
0.29165
0.254991
0.267506
0.283661
0.279133
0.250736
0.269301
0.257122
0.269706
0.240529
0.277881
0.271113
0.26815
0.280281
0.259218
0.257452
0.304844
0.263529
0.268419
0.204992
0.270802
0.268091
0.274791
0.258393
0.267054
0.253884
0.275433
0.257474
0.276125
0.257282
0.260141
0.24447
0.270607
0.273536
0.258052
0.254844
0.291251
0.246242
0.267554
0.277695
0.276695
0.254931
0.252233
0.261516
0.255787
0.261709
0.285451
0.264662
0.254159
0.284183
0.263606
0.249349
0.287465
0.253308
0.26454
0.22752
0.282192
0.253558
0.264214
0.271111
0.264399
0.267232
0.286561
