3.42162
3.28869
3.27911
3.27725
3.28196
3.27352
3.28768
3.28791
3.28257
3.28595
3.27608
3.22161
3.27465
3.32134
3.29836
3.2525
3.28364
3.27606
3.30265
3.28789
3.27524
3.29279
3.26358
3.29013
3.28099
3.28632
3.28915
3.27659
3.28338
3.28045
3.29076
3.29111
3.27923
3.28786
3.27792
3.2916
3.29532
3.28781
3.29222
3.28002
3.24388
3.26097
3.29308
3.29146
3.28045
3.28626
3.2795
3.29214
3.29007
3.27745
3.29247
3.2522
3.29575
3.28288
3.28902
3.3051
3.25442
3.28235
3.2636
3.28998
3.28543
3.27835
3.28081
3.27533
3.28446
3.29239
3.23522
3.29338
3.27473
3.28727
3.26461
3.28669
3.28741
3.27497
3.27995
3.28218
3.28472
3.28707
3.27861
3.29414
3.28193
3.28223
3.28908
3.28813
3.28805
3.25202
3.28866
3.24609
3.28927
3.29065
3.27095
3.28772
3.27747
3.29409
3.28077
3.28253
3.28689
3.27604
3.28591
3.27433
