808516
804308
796200
793184
793020
799496
807120
795184
795716
793404
804428
808168
796328
794848
795404
795124
794396
795404
796612
791644
805636
793896
794276
791860
792340
796448
797192
791712
793732
804676
795896
792508
791904
795052
795676
795096
794664
796256
804640
795104
796136
795280
792984
794148
794032
794688
794504
796256
795840
792348
795252
804476
794316
795296
794124
794224
793740
794088
794732
795844
794296
795720
792696
795996
805232
795176
792060
795688
794368
794368
798944
795004
795020
794684
795652
793592
801768
802440
795008
792404
792120
794876
795884
795008
796688
793424
804120
795904
792224
792672
791756
795892
794916
794004
792636
794532
796268
794780
794568
803584
