0.443276
0.375931
0.352693
0.351943
0.352376
0.336709
0.345402
0.347524
0.338182
0.344051
0.346022
0.349098
0.345615
0.340827
0.341168
0.337077
0.341754
0.349244
0.344966
0.352141
0.350462
0.344176
0.356522
0.363135
0.34267
0.356486
0.358933
0.346418
0.364331
0.360971
0.347188
0.355722
0.350909
0.350173
0.353108
0.347979
0.349645
0.335857
0.348447
0.366029
0.352316
0.354522
0.343761
0.351216
0.346126
0.345576
0.36788
0.362566
0.353598
0.351405
0.352772
0.363212
0.369118
0.354978
0.34837
0.361588
0.348108
0.347438
0.357191
0.354598
0.352813
0.348125
0.354967
0.375747
0.338264
0.345451
0.340015
0.308656
0.338698
0.356345
0.350309
0.348765
0.339286
0.35293
0.330799
0.354185
0.347351
0.319152
0.34423
0.35114
0.348009
0.301858
0.339323
0.34894
0.342401
0.353049
0.338555
0.367362
0.350801
0.338484
0.333394
0.349351
0.33797
0.359234
0.341026
0.352475
0.345592
0.355044
0.332644
0.357819
