0.58249
0.35062
0.325171
0.270811
0.272861
0.266497
0.236883
0.277072
0.274697
0.265571
0.271676
0.286561
0.283444
0.273871
0.268825
0.242179
0.28396
0.280827
0.266153
0.267991
0.258501
0.283794
0.276094
0.259881
0.265437
0.232405
0.292383
0.287334
0.244801
0.243205
0.279206
0.25144
0.260501
0.275714
0.289474
0.302855
0.104774
0.273059
0.30417
0.273192
0.265832
0.259654
0.26178
0.283915
0.267074
0.253073
0.257919
0.280356
0.27945
0.25711
0.264628
0.276802
0.27924
0.281685
0.255673
0.258161
0.259324
0.271563
0.263534
0.266034
0.238565
0.288476
0.269147
0.268154
0.273333
0.252803
0.300112
0.264208
0.260122
0.265961
0.272628
0.28132
0.257798
0.254389
0.255381
0.286036
0.261579
0.269463
0.248953
0.237384
0.293534
0.278305
0.26823
0.252552
0.29674
0.285662
0.272931
0.279828
0.257899
0.29271
0.263811
0.261647
0.269684
0.255525
0.28906
0.26569
0.247802
0.264618
0.299361
0.280045
