0.855758
0.712384
0.623799
0.626122
0.648073
0.684891
0.609845
0.643595
0.659747
0.656608
0.672619
0.647639
0.660134
0.663609
0.641294
0.681354
0.659563
0.711283
0.649825
0.66001
0.630791
0.657456
0.663566
0.662469
0.672988
0.522044
0.760417
0.718047
0.636232
0.689509
0.663099
0.667179
0.659193
0.690605
0.707573
0.752522
0.181107
0.655968
0.648821
0.645226
0.644433
0.646299
0.717325
0.617085
0.665279
0.647144
0.664126
0.643963
0.65704
0.661562
0.661704
0.66374
0.639959
0.662927
0.661077
0.662114
0.67696
0.66029
0.656968
0.648397
0.647851
0.659352
0.639721
0.662016
0.66157
0.693127
0.658133
0.665473
0.665978
0.664436
0.667336
0.652401
0.666329
0.662826
0.653111
0.657203
0.666838
0.666839
0.668874
0.648429
0.658866
0.672065
0.669504
0.671725
0.65317
0.663082
0.656923
0.663682
0.69703
0.656448
0.664625
0.670873
0.669018
0.673933
0.665466
0.655578
0.578788
0.663099
0.654858
0.659386
