1.33663
1.09129
1.09531
1.03843
1.05988
1.06242
1.07129
1.05779
1.07191
1.0421
1.07308
1.07297
1.06575
1.06285
1.0682
1.04379
1.07028
1.07442
1.08123
1.07461
1.07874
1.04873
1.07205
1.07872
1.07415
1.07131
1.07206
1.06169
1.0722
1.07078
1.06463
1.07276
1.074
1.06617
1.06939
1.07034
1.0775
1.06689
1.06748
1.10247
1.06995
1.06499
1.06823
1.06966
1.0718
1.06893
1.07237
1.07362
1.07699
1.08103
1.07821
1.06988
1.07191
1.10126
1.06907
1.06591
1.07149
1.06964
1.0356
1.07349
1.07105
1.06872
1.07321
1.13504
1.06357
1.07145
1.06892
0.993018
1.07171
1.06976
1.06651
1.07467
1.06593
1.07024
1.04823
1.07397
1.06754
1.03842
1.07144
1.07632
1.06174
0.90174
1.05859
1.07829
1.06974
1.06704
1.03738
1.09507
1.07275
1.06903
1.06732
1.07162
1.02661
1.07523
1.0685
1.07841
1.07422
1.06754
1.05579
1.07605
